100
283 4 587 850 52 982
647 42 323 211 640 819
192 751 731 9 950 14
891 713 772 430 517 160
210 675 919 114 149 986
441 346 840 604 223 530
625 975 607 700 473 538
447 466 275 817 445 496
621 507 970 414 436 184
761 244 849 680 671 143
402 716 496 206 857 877
3 376 215 752 290 135
715 729 280 699 483 933
181 110 907 118 550 39
131 176 244 915 133 165
718 452 514 879 407 26
838 826 613 702 522 130
253 842 466 361 120 117
792 941 848 317 136 524
615 622 532 4 970 195
77 299 2 473 693 942
440 669 236 457 362 418
519 836 942 289 630 974
17 346 313 758 779 109
945 311 867 989 444 758
514 378 255 431 978 291
36 1000 266 440 122 919
218 606 199 908 6 626
529 480 360 912 215 570
899 933 369 934 290 305
624 352 18 188 209 569
554 777 963 511 604 771
600 140 64 658 186 626
765 757 711 922 283 3
899 612 283 171 530 541
28 53 118 964 70 220
771 909 436 322 925 616
875 944 952 446 582 865
863 566 974 15 291 799
895 896 38 818 996 354
829 691 47 877 109 310
421 589 285 649 192 716
515 564 739 101 817 664
984 163 996 679 276 873
906 799 489 468 374 925
11 368 388 891 76 328
924 984 416 838 679 730
599 965 734 751 3 121
734 48 902 533 869 29
179 19 718 837 605 200
782 133 358 704 311 61
572 216 804 660 218 221
479 619 521 374 241 242
569 335 372 202 58 816
415 149 7 450 952 378
164 142 626 782 546 425
234 933 506 899 92 1000
290 43 820 428 70 335
492 85 615 675 556 137
521 480 25 89 830 217
343 933 430 180 565 842
192 885 289 41 319 813
833 896 744 708 185 248
732 826 885 539 745 304
535 115 6 181 84 235
140 92 214 696 327 637
720 355 516 117 302 482
732 994 824 334 292 355
117 622 974 581 185 42
970 826 711 120 280 886
669 570 222 742 197 191
714 397 135 137 392 772
534 809 852 412 34 760
108 895 817 175 724 153
422 214 869 375 943 664
965 43 524 131 326 788
740 195 798 612 914 865
503 960 476 652 938 649
200 811 968 242 984 226
438 178 618 977 352 250
951 592 352 976 383 90
16 279 443 357 203 340
356 259 761 954 143 366
369 617 793 305 350 472
492 889 32 991 94 340
270 21 12 200 1000 288
563 229 936 807 455 747
243 923 902 218 24 183
241 542 711 456 379 681
203 232 730 854 482 758
744 86 890 602 537 76
409 845 977 831 858 639
504 340 107 1000 637 817
123 347 823 903 679 747
787 508 428 127 69 590
702 469 826 125 157 109
329 475 394 107 490 281
555 846 200 776 757 371
364 134 147 648 426 172
503 477 988 409 30 523