100
208 228 592 73 403 677
63 879 921 335 637 281
625 811 894 525 72 24
254 79 8 192 261 66
200 617 998 867 470 384
962 642 347 849 656 64
217 571 225 627 314 851
629 593 935 841 718 950
571 480 590 357 9 81
516 678 92 570 992 343
433 269 898 620 383 197
514 691 210 18 757 451
837 376 422 226 433 520
621 186 162 452 793 572
533 61 436 968 959 41
358 132 543 231 457 631
285 163 809 103 269 445
675 833 889 174 165 533
402 996 156 697 944 753
736 84 356 7 115 914
765 567 835 87 358 521
860 963 85 546 72 460
37 739 322 188 84 4
327 871 889 753 372 425
636 269 978 980 530 884
945 172 426 711 447 699
897 420 109 312 726 126
232 436 193 905 181 900
721 771 937 1000 435 119
78 787 185 5 4 52
515 708 841 850 798 649
166 234 289 309 966 62
955 690 749 683 35 218
501 943 706 526 345 769
725 870 255 468 558 306
573 277 909 359 492 919
853 337 349 544 921 226
411 121 564 778 478 500
904 492 267 333 324 330
940 77 938 69 840 282
212 409 980 53 880 378
30 514 527 270 70 292
617 1 563 195 341 825
256 925 19 223 418 208
778 907 742 474 162 823
376 15 104 838 26 403
921 843 800 773 218 408
185 579 355 402 743 630
632 29 438 858 855 643
524 361 526 13 375 140
477 807 468 863 88 815
102 659 54 713 185 503
164 343 207 918 418 847
223 863 98 451 315 36
822 566 233 342 887 35
142 737 582 401 964 450
190 800 995 696 482 27
243 389 84 384 508 868
444 915 718 662 270 579
854 277 658 628 845 204
593 112 327 303 520 739
317 770 519 312 975 410
368 89 687 604 837 59
315 542 334 131 999 158
725 196 486 121 614 271
510 516 525 36 771 678
553 977 420 665 912 53
966 338 364 175 853 677
225 599 460 890 945 414
257 17 262 967 43 911
824 532 999 588 755 765
560 570 905 282 273 766
554 515 165 83 645 828
900 317 767 320 818 139
35 866 460 467 690 946
596 642 689 436 277 274
92 49 686 867 412 363
965 569 624 175 360 317
146 356 297 979 791 788
589 680 999 463 787 166
314 477 881 93 851 162
925 421 370 671 385 351
181 571 521 66 330 573
416 851 190 235 135 51
113 855 153 273 90 295
129 639 297 882 231 860
379 675 992 125 820 134
366 839 81 843 892 712
116 247 444 528 260 356
775 765 996 371 529 516
77 204 570 37 156 776
468 746 891 607 559 444
815 976 686 323 205 21
520 975 934 999 405 957
12 801 249 733 539 617
645 178 846 607 12 164
590 283 120 790 650 347
233 196 256 503 445 748
997 488 578 46 355 968
655 983 548 854 712 674