100
355 486 503 269 545 765
191 648 274 365 578 932
169 389 616 297 77 319
566 197 99 795 141 815
453 68 797 440 373 986
391 771 106 256 864 127
406 876 54 914 482 338
877 461 901 620 422 808
387 385 346 941 205 401
271 533 341 575 346 937
184 288 785 628 131 642
405 740 48 494 776 414
339 175 769 356 528 628
404 939 512 813 106 250
444 496 523 311 495 422
431 755 481 985 644 231
933 795 343 882 82 373
46 20 507 761 179 266
875 358 168 333 166 271
706 510 94 896 968 474
993 50 737 161 283 240
472 393 58 978 889 504
123 764 15 959 329 687
367 74 22 960 823 298
293 365 610 547 846 623
933 443 687 245 895 469
933 526 69 218 507 302
278 805 869 500 334 668
936 998 762 950 101 514
17 357 82 695 568 786
522 214 910 689 664 233
567 875 882 377 141 295
680 180 73 874 439 570
886 607 619 286 777 916
713 378 136 56 679 467
44 523 914 178 827 189
655 624 162 202 641 40
658 691 222 732 150 597
910 87 692 16 842 636
486 278 295 5 414 377
410 311 527 288 85 620
383 371 689 328 278 607
972 431 34 619 647 179
948 209 606 718 265 967
108 879 610 554 273 904
323 222 81 207 633 702
808 35 48 204 686 950
925 960 426 506 888 195
509 589 833 423 525 955
440 817 193 418 673 998
201 167 592 68 952 984
492 100 512 131 176 595
871 243 346 958 392 344
133 715 569 967 61 859
502 880 468 897 730 810
582 638 405 622 460 209
769 693 146 452 524 753
387 434 154 164 22 601
103 944 229 913 337 323
943 4 58 145 257 443
547 320 284 34 931 515
487 482 315 101 427 607
950 49 433 929 400 922
65 991 311 959 152 46
51 201 664 576 112 125
156 327 497 993 837 282
450 802 26 606 593 14
197 49 54 200 108 167
769 591 883 320 195 475
906 778 793 649 639 997
600 32 811 118 912 851
705 798 718 582 212 264
755 16 126 995 593 918
950 697 985 417 236 61
890 625 83 854 426 803
589 45 304 585 758 550
69 154 853 524 256 957
188 432 855 298 672 92
519 240 798 25 193 439
307 24 254 283 820 843
387 101 309 776 553 906
537 67 652 416 602 981
422 247 373 486 105 413
914 919 88 36 622 530
314 654 604 801 68 389
735 373 665 881 721 179
922 372 619 179 299 213
744 573 991 266 727 781
403 628 74 791 367 169
449 9 444 60 384 48
449 690 194 9 614 248
98 364 163 825 430 600
797 185 194 479 416 524
851 473 559 301 814 149
885 99 729 574 636 74
124 311 671 487 553 673
671 334 914 94 701 110
865 289 80 866 470 58
556 407 791 339 43 641
838 892 833 960 695 496