42
5006 4662 5298 5035 850 220
6604 6509 4327 3365 1030 8818
80 81 45 95 11 41
99 98 53 50 67 100
6 62 74 51 17 26
13 79 39 94 38 19
79 56 28 15 92 100
40 49 64 55 97 2
19 51 9 5 23 95
98 25 30 71 51 5
86 21 17 53 44 4
40 50 79 60 92 65
25 65 6 22 99 27
014 018 040 156 197 102 
144 033 053 114 009 182 
029 184 062 088 169 035 
142 195 062 166 170 098 
030 073 067 005 168 134 
113 033 035 132 169 164 
197 037 139 049 010 032 
084 061 074 194 197 196 
110 013 002 028 109 185 
040 112 118 025 167 036 
083 158 127 128 143 037 
172 200 161 128 117 163 
124 133 066 071 180 072 
173 028 129 011 053 143 
161 036 060 127 052 087 
189 151 200 030 048 150 
117 192 078 171 171 130 
010 181 175 070 186 117 
027 177 122 192 004 085 
125 046 100 078 161 149 
014 114 164 055 198 106 
008 106 140 050 122 182 
108 000 151 108 144 101 
075 105 097 063 176 092 
120 092 049 042 006 065 
073 185 187 163 124 054 
160 142 139 001 192 069 
134 141 054 094 069 153 
013 082 165 142 070 088 