246
786775745
108674994
263474551
672749213
818802681
309572631
832101747
732778115
909610932
533792396
437332595
410887248
1023409179
1042381303
336395625
461313325
344865858
71227124
771635790
789060212
1037683675
194732148
865106170
360128627
733160647
31008329
461373361
649906390
435110122
569617508
816130514
944602308
782388899
607449687
919916998
749292715
287397361
657502685
523581516
829778136
143342825
717555398
522336756
574699395
839293751
823177170
230136892
151834846
55903226
102705987
512168689
385508090
815760259
414039809
633405584
556116244
443023375
746023986
908274773
182805081
970307490
640101048
926175753
25110030
7153362
451620004
326106913
880073641
1046793118
515762613
781036930
853799071
844636053
828269241
3433846
328693508
237021976
511376833
262427127
844106453
183937433
170829070
347723262
612453023
992050448
960426196
544232803
885315313
641842549
311862757
629446980
238568190
1003543572
687412615
807421008
182340590
657029764
125691214
566103474
388769523
32707344
254959509
218901263
921181945
1036730533
271102984
472701493
202775963
1050401634
1046245606
503071641
716903070
448277364
823916408
396678016
460393481
949364918
233863506
758823029
879960585
189928035
1071172818
875736840
268205105
610473388
947964770
438354936
1018252673
709792142
545842488
992966178
415359542
248187967
498870259
29020350
484187564
309197379
639952425
295304428
725393752
623958104
611224551
1015892060
1010529766
166272689
10477055
679080279
204601149
619154442
147771474
191857836
235878591
17277908
191352867
892156815
421204932
588285897
77556699
205469597
81248234
157685156
593378811
104849281
761506948
724772125
1073339844
138912962
282659386
579052989
1007941939
813005118
797920339
518675503
1030037648
708377049
92351919
29036943
398442568
874989678
973277046
100809468
1005406681
374438190
1026431382
978171562
789763423
1030861026
130008527
595035707
122238200
913272314
410522789
483447882
220467381
937617286
484847705
333754380
952850767
967319942
979238550
656333508
713420167
289309765
581033065
956863185
319367677
37878994
681179974
425898061
516626809
16599365
545120817
245921940
768706807
251675931
162407079
868257306
537177614
308389886
981258639
365625244
831400736
308207153
392269916
708571938
185443124
29533359
534866040
482294192
719774861
561230647
713049358
132660305
94797645
1068629276
974764731
977833417
678789475
398593070
928253332
273615751
559312678
409593655
652411690
51590952
436503033
