321
909978265
567589288
1047956722
931163161
874044482
784475144
573005038
78639314
235424740
252933953
682295096
549154664
235334520
724899411
1059101465
186429258
852359975
693163239
755632145
405598409
219997289
340647740
461140709
358160570
56678437
524638651
1071504125
301848832
1029498367
278872530
431531601
1063229910
617917938
358236153
854632741
122385563
660331754
388316376
863780464
644686102
611947973
610067249
38824262
148794738
392365911
715541140
1023759841
637793712
19688655
424124538
402533071
346750649
150048019
1031195842
33340228
1007414245
946586615
841692596
367489638
81573683
862482506
141668439
1036448673
852317386
532432813
997021222
302670433
567263801
464922076
861057146
765213187
562550960
49797357
337475477
667550160
588154932
943902916
449241097
790982781
564154108
360953880
813098176
123461983
716077952
1001437271
729388157
983827012
602122297
805389756
811115766
73416251
166188080
797005400
801206572
215438473
16802070
50388209
860743175
680970819
60947150
32676080
567106869
740537817
895934337
1059107560
824722936
26718209
830322784
330136873
824660867
274450984
345700063
828094834
702912124
406402754
118033210
351135849
326706460
20228960
914490844
80244007
832779823
982624496
214847313
843129991
560036314
24975038
315862299
490416414
592779175
499544395
653683063
81950712
48620797
110033917
803904235
360980998
534689158
930569065
788505035
962367225
129775341
674801129
547674349
517992329
472226557
866646778
441318484
52552466
254251425
649658712
173603404
80199207
522172009
39822673
43249437
966027594
308843843
806677170
958829507
153034669
567437910
321927657
922458669
8536893
209470678
749566119
331745863
109923939
1041355355
681042232
519106071
659920640
63335935
981038110
199134986
443186408
866432572
951847894
749209967
524976825
23996829
1035276748
450814733
178123350
786054504
855983371
55268978
860079042
45300524
22510404
563317203
944930359
34034150
332961670
340142702
946418516
8901873
987303845
538307006
385098851
729055889
369409738
818979518
456720545
530768227
1063367403
716063468
715196387
953939863
449089059
925126242
255130074
154226223
779944780
940686968
899504303
1045046215
512227060
296741825
686590471
461981340
933805445
284222770
963384622
26096978
713291327
728012970
1002009918
340559726
611627905
375056646
62275808
898944914
507172746
705257244
383770666
188099549
945737602
38078035
818712142
774033306
350708996
708496217
39346942
194571501
643717669
628663314
1026450440
837871784
313965617
408301450
606688483
193326742
348220896
32669009
83788933
538864305
83039111
701127195
716774362
504053815
282941446
490231421
773177839
934528478
612640847
522135609
100035344
85445379
1053655727
192726616
480502582
576192857
1046806572
498465965
267703348
174543632
321768404
770269538
974904816
974504091
191157058
252606138
124248550
653802704
910221480
493084881
316771257
384384799
465050188
556826660
870143507
393083111
177018375
621760488
372633063
814545100
606847496
571189887
945927668
1040481660
994904141
574390680
1070452938
550145323
117256048
735349792
368863226
42521451
965971823
739963867
804172511
61305706
746845959
717626766
406059832
841344232
717902222
517263026
295227867
