1000
119680413
703920738
248717938
824158396
813915794
570249165
92300548
579558066
162426639
123551824
829429849
1065241564
965414675
610593217
912693997
1013019227
459467001
559008699
16018841
728302383
481384041
75977001
729035593
799678966
875531218
228242517
27837115
226495861
392966208
471296715
437270106
1072268803
1058441115
497850038
337638160
392113319
393564894
361538143
1018231707
813427080
376406341
284245243
747477417
602128049
3066918
663427854
796915505
555910283
858893815
489551065
266215174
1040323332
433012101
563263940
752786925
343079500
418865385
592935673
468129596
216184216
555794856
169381977
492615603
910442150
881037056
7506917
381738017
95536730
731065730
365906352
85707133
938738488
917978189
438440956
968619830
29883187
664224452
697170176
20866729
824325627
924195413
463695942
280853868
462239547
195732093
1006192797
619810136
83028957
906500072
1000866766
657864593
809061024
865305218
975226976
447183844
703379104
862208578
925591180
276950047
127548208
481628929
994452715
78182297
365689928
73293810
928130322
464219043
619636502
320758504
163512659
842886746
926814741
113671999
1028643352
243200846
952981369
934994329
998045151
174770975
724259049
125875976
713583169
617233198
284402730
616829622
401731144
680972493
644103324
996558045
455717732
40499658
552576628
1062019594
350429958
446276083
754503761
753877217
470046616
927180128
633341648
616273309
941939092
385341100
401750476
789968156
396170388
508665589
579008062
179634264
553103418
85713429
506386683
422152948
883983057
379405494
813823194
632375924
462535131
601784388
117552028
766621882
365557207
90107394
593708550
379058163
682832922
300738293
1027991445
535526478
491773577
81807107
884951892
816519856
753486621
705286449
851139265
130839872
42667360
62071048
229894240
421105548
411575973
631107056
189660878
219075356
162221673
969053922
910312815
404725802
9047866
217809591
442623368
444139344
1009594225
692900328
385855985
354323912
555399397
373404287
592860507
388151537
1026986149
394485843
223932264
214576924
313121750
5081113
1003324292
143285815
267145513
1037231662
61973353
717576451
429259974
367811768
706293674
895420975
987129732
279501806
748828540
539419846
1024461701
218169504
835407361
950527430
55749249
1053466570
1068940591
474201168
667927849
1005084934
950532163
327273695
811087670
481230032
793972319
173935920
587520455
790205447
1060728845
703996752
61568623
540505395
988616158
734823734
650358611
388039993
422414597
902073689
443837253
87922664
323161586
927871159
185566069
544084538
795587568
147848121
623858931
840932158
971656232
157505486
51486991
595454717
377677928
79765824
854754098
676526584
343414757
511026233
323384264
678414229
559272066
486321322
744190243
288982012
200979383
961082160
810685241
191113593
915285974
71034889
456657519
25923323
780675728
617250440
588951054
621291776
445490024
717070528
758752688
912145273
781179871
624728921
394806780
682932961
648635839
853569876
1058989971
957543996
20199854
379594699
857227050
125977968
490068408
547811622
645324489
567276397
905370000
33453550
232766597
254759074
338070346
349845950
527914717
655881781
128981638
794065240
793191527
1002429986
115086601
422793736
540898701
234284812
141656640
577106223
900891585
50346353
860486409
238629024
191771621
84834087
977045596
46037546
999897102
670705617
351335749
9813878
337587423
567279427
662968144
544874273
980642376
274598551
240742392
837233074
787590642
581609610
582777479
671426625
711539919
865289607
404158253
809709653
994850021
442384724
288786361
443234417
924968316
273530397
342791230
905623582
723739113
835122436
1066858311
63954272
981422138
516282970
938366036
585782731
1061258398
536642882
905570908
307466251
191211412
464294805
867530067
342253210
37012705
694422692
102010750
375258115
54564968
580505219
1010998144
1017465488
663890639
668831314
529476201
386596025
577153721
152737368
4309525
610706483
475722313
141576760
9070291
263115442
785789241
362137862
174837348
693189981
416408248
428119271
973479252
180634293
961504451
181038550
128303710
1000394720
946186120
601642812
773888719
620874170
168974939
1051163825
967788831
678512769
746879472
364049971
287564432
993105715
592916098
366834079
147010314
314782902
789736045
525403638
311193400
574200847
428333042
348985373
54958930
433281663
58206705
804419690
685683262
1019852310
873456722
571659368
168566019
902289334
869728616
753012342
852032070
670388196
996481083
417319695
193684665
800087196
528222469
1037787788
894431828
483409423
122834071
881524370
495562496
929970599
363628736
266738910
214104160
972810704
246306939
35623160
296456865
306966196
976952316
100256347
768131096
212738932
109147961
289052037
1029399689
536950616
868504435
183556677
452151856
913448984
876355102
436690684
1042307778
157951409
177306984
729118617
466873606
865577690
621398411
217615283
297937030
297646004
902134720
393712325
383803449
887416297
219897278
99386146
730305874
996544839
16560505
874570047
840329587
1054013887
691878511
504367762
457898350
512372555
694270714
310771866
409699373
621587069
486047101
88997845
489623201
721748614
728567098
422780789
548191345
195517934
670835727
377100786
368128584
980982903
510738935
650236578
924407757
189643675
459748587
1036201417
100439929
380303872
396622726
607609402
188484440
767546833
544419616
731666607
105215913
157498449
819070934
48912484
302311842
1026960671
584350588
717003893
65154000
915931100
450772463
1064410185
519831316
859234811
966010269
296125379
704996385
796020526
951266633
936384092
802061672
1052042450
493995111
927573419
283911534
528016538
571758934
945184615
475860505
407194568
200971630
902984283
532374080
201144658
291256047
357087161
754363007
517368944
504764708
72443886
113813583
941165356
687453471
553388519
258482482
770106091
488341547
195896221
357350234
400512194
358057256
488176077
359624866
918917083
794850354
257250193
1017336761
332930358
63712716
606045627
87961994
256073464
332698110
466682800
446250943
882422230
707897077
1048967649
273677331
301387789
226413024
11928758
812336671
90334521
491603061
557676981
245204061
753001878
251501961
895740185
333841366
500622375
95095144
326472042
914622546
13333754
1066404938
472694538
808220622
278223540
832889270
714980233
983834225
829563752
431087197
1031331658
985182315
217737299
384969866
471774674
543631712
951489107
298472733
153965085
129057744
505232377
27204407
66617321
855971208
555885818
820338939
262422509
649424006
418190429
132852478
796103560
421430980
567048911
994060741
1072849712
399649088
429843011
209261308
1050360190
902362931
782120198
1010712111
633223225
852185273
797203979
733924353
20829070
245119869
456282278
505341963
647507473
548610537
567376632
723813716
892359471
386338816
628065586
495593669
628599245
68031400
438141889
728459175
874588674
861722098
541088186
653793049
897469192
580721675
398169223
504954180
768742040
305910098
423028958
888136797
60809487
842201229
291961896
7353697
180587973
473433918
459381728
36564570
915606178
456098266
320411106
847982978
50521194
499872545
376746312
540028938
187979968
490576833
148224687
544173846
221621876
1013422362
840357664
526911646
851074012
808492590
273227965
313150585
917004552
279934625
79852613
744472575
229788887
624467065
934185086
975869138
142028113
1037800355
272451300
793696020
783836561
441566418
760757559
10577819
953105381
933576136
433653160
727979099
491505770
531677174
325955850
104266112
835944597
793392911
624870523
703060834
681109128
180693883
76073144
651433967
478998434
898272160
834233253
410123385
28306231
157039
893379275
878028011
908849890
65558224
258849343
1024461743
379614809
351459678
312132270
441696660
840820469
474865525
462950955
6134382
295289484
117498443
667822283
433413516
138351278
1051201668
796041930
4070225
72732000
222080149
416294810
921336642
685679968
544253129
369194451
647510670
206087438
202466145
1036681191
703396283
523923229
607824662
287865447
600143241
888576880
218854974
541746253
231387981
432773774
1000550692
503355398
395573037
495144554
135160003
593081539
909466550
802068568
583199987
860812014
676761031
348994435
941217268
246556383
725571227
599010158
291244312
349874141
813063348
415750996
821787354
1009564819
369114841
255115515
389985180
588767279
409075067
520188306
937867472
670415107
594144989
273502683
287745374
337792579
415677635
937016048
434277368
216272860
728322049
117676600
736711816
974539498
797560690
637742306
243998580
511663033
795236828
48528363
843539428
632770679
379881212
110138725
424471018
762430779
808291804
91901115
582916938
22428238
107778328
749038170
516846941
859375192
979569314
57274220
41616565
823791816
653830881
758395132
329475839
556474897
637687037
443477108
191556971
464502339
412255689
1058417174
405389505
913002630
654312781
63438221
847093791
124716736
1003702755
759663702
538697512
587281222
551788342
7940855
529309575
362438174
145159001
30711571
282383277
590604079
635091432
921284431
2976072
733682737
478756433
991442487
457609353
222991259
842455805
511902461
1033253079
240601458
571989573
478219960
730996479
625674715
630469564
135368194
966401085
770860493
63983323
269680387
1042665167
870320597
593110626
347699070
532763905
639998478
898836153
758079110
882395753
432653714
167120642
216429505
212871296
982011202
126219514
256734663
942504070
374916618
917602788
191015987
256127033
349198402
334196465
858888647
126493135
349028421
892947692
782860811
965631607
1007282384
375191923
128677958
270531891
615993435
700255734
76053301
507125536
240862323
648332673
711865726
578250152
205216674
933226410
609671753
996503663
661644685
752066000
410097886
515550578
650184741
219359931
511296743
297320246
808336882
788810572
336682761
504759324
366056847
409225009
686154978
1014134315
215943688
643610509
582485535
1030481824
119936115
59790752
335560071
560217303
436795794
340497502
305341488
286464447
169656695
509178426
1069519432
317426634
289310352
796892839
469377788
712730095
