10000
598774
329556
960868
440475
659072
796804
563077
324195
718743
586467
539098
224775
551248
670329
922098
861954
351459
659912
619651
235257
914847
299200
698969
888943
317870
121694
415174
49609
471712
581856
243085
262766
675987
88489
676329
794612
984843
308143
250673
504172
827850
576510
125377
326186
478748
627491
690815
121311
757373
505123
641502
845971
623779
615065
373491
878210
463334
918611
270400
947687
253337
765265
527629
710829
614793
864110
82053
787231
521763
802654
758968
423002
239778
775651
751884
715122
65279
634360
423349
883967
702758
504330
741463
613253
236645
862038
359089
701354
248436
960342
86230
766217
875386
137068
539572
897188
556872
393727
647516
156209
726675
881262
823937
803362
146746
761409
422433
50553
199084
991638
76164
359249
840897
940087
92691
16164
255813
661732
230840
463676
532070
363075
742564
746702
127164
381779
103780
245489
47142
319359
295989
718611
911187
551171
799433
348966
511164
17351
213543
608998
185073
776678
879744
746796
120369
376498
815431
46624
358117
208329
304780
525961
432863
705572
353192
320535
104448
277148
97657
17171
765078
496675
977054
817718
394921
114710
343498
141706
912166
466672
197914
739940
980717
466670
820466
984773
608117
784092
390695
583758
16722
56768
894876
812364
591720
521775
951791
658983
597411
605239
631281
40850
313273
341888
321457
368728
567018
350531
677508
882739
475836
150770
438748
928430
917940
175113
240519
400938
828489
544309
200285
38697
460807
195015
329707
670742
106667
496967
193193
897227
331518
471123
60195
329864
782993
427293
659639
650014
87347
143975
366499
958466
4369
848591
403430
386707
155592
590946
738703
337513
852163
191231
146344
833316
52251
558744
460763
998660
487248
569014
783054
755951
832440
241220
626333
690836
681775
666380
52725
294253
743819
88497
611350
283944
270945
29821
203155
629404
782995
360118
204456
592337
751132
540460
639804
680595
134016
230908
880521
312903
350925
123439
695214
726791
702444
811105
440934
91057
176789
408287
949007
645913
294460
175691
824659
564967
608195
796590
619951
663246
720461
285002
427966
511359
725134
914618
796117
413175
373889
115372
455810
986987
684937
719061
362330
392385
98197
873841
276140
551299
395712
53665
618395
827981
194324
215525
807846
981037
898115
973506
230901
401972
762491
792173
945741
872892
60139
172431
533431
964145
685302
828047
914006
645698
261334
684084
258794
665670
797609
746266
587714
78335
848068
826150
906830
310763
355019
802167
50997
424143
788685
132815
624178
804405
964432
8742
952551
790824
980915
184426
457177
914396
515360
808230
930704
56243
113571
758785
140221
417012
121535
676569
865177
983299
837346
713226
460524
967547
882050
101986
368941
470319
125367
275780
23325
323022
454335
401483
284927
183347
724244
646269
48913
360970
257170
305342
810467
993731
281497
548134
200868
172291
383727
974507
953997
807717
416956
742864
381336
979640
143309
900137
338634
637909
840708
77682
177963
274344
287566
718745
538070
654155
518145
988939
805317
24731
726456
105062
549375
811841
944646
395760
46750
767020
296980
149185
202070
94850
573701
130626
437450
835472
411695
845030
538219
78778
453149
88286
633303
925255
584041
333043
411449
554168
168277
102337
306556
517989
571508
503056
708870
238569
191586
47075
656396
875408
459365
237294
486011
790815
838293
758718
253045
224643
848778
859736
371871
933424
229454
424983
57162
474735
664956
762691
419488
374396
791785
763354
103859
497924
406927
109840
671584
911803
163157
540716
51637
982310
24450
950698
544339
656674
991840
953987
782503
253156
719265
205565
733239
762315
804131
410026
541314
831453
95551
598567
498205
129757
951199
853691
637457
116993
151370
817974
754958
937551
517728
819615
758863
675578
932339
974905
396474
963170
757457
281074
562969
775948
649003
671385
344528
492084
820880
998417
761798
791321
910924
460960
589740
838585
232896
947793
313830
959390
466686
89081
829836
772818
799138
159985
140877
651428
583599
654029
184806
344966
57602
878873
476417
226110
2978
862527
446655
167141
905100
22218
63339
214926
410739
906408
867630
598448
562398
225448
71387
194601
449432
404184
422551
850628
848498
519227
365748
744380
986747
293458
634708
189905
888241
240808
324004
540453
494979
946264
96495
450515
77959
361676
96802
463007
439333
827355
409034
886276
523116
23561
866669
578651
763362
991335
241162
628095
713831
985335
84589
864092
107041
357287
736800
485620
314269
395513
987250
558658
709965
44772
682316
456280
262767
51197
704423
588929
898769
53484
208823
153083
754328
704908
928483
903217
981738
294832
703589
836297
728077
661568
944275
386846
808142
131510
716615
461137
888577
670096
645446
71037
265967
776093
956866
207782
666891
747057
458625
465469
344679
198167
94677
317111
889244
224085
750255
114064
111009
282324
733963
550541
201570
76993
918801
5589
8168
943001
781664
510699
764718
937609
898808
317532
106844
742919
717961
493090
713983
317767
176809
360720
697475
864413
462694
867009
431654
556558
800706
210566
73659
455086
83352
637676
818953
544789
556716
564867
586027
211949
960342
257852
470590
161228
537276
328971
339399
782170
2344
408407
711627
773128
463599
773371
990629
237699
42754
70018
766652
300804
699046
302436
606451
889814
945572
142004
86997
949141
900018
269926
782283
242084
487877
727853
11970
973970
231600
414023
683645
71548
176577
145486
524872
678832
233870
45658
111942
251354
786457
457272
27808
720554
573620
515145
954441
444702
605977
187874
26858
602667
739865
135773
511076
469499
421897
432545
368161
289849
643803
987498
621043
115872
413972
661785
295687
444976
420638
472425
173104
380470
896947
221633
262504
319837
438721
654220
529094
77576
410015
747806
555613
371013
18269
909061
834342
349381
532074
728394
871039
158275
61329
581538
523086
828189
845700
631190
375337
457732
820872
244355
703954
349565
915111
580201
548889
465710
269268
739786
604823
136650
478573
909367
555491
922981
697379
385805
481556
156207
358653
483722
918575
614844
186464
903265
254921
576217
566184
238608
295548
644763
653062
832729
737384
750437
12535
736332
608756
731551
95659
101355
900132
345557
568495
334460
480255
923594
208396
212952
262403
569012
194020
339723
713419
320543
315799
148198
729910
788427
833487
842089
188675
134321
465931
864952
843550
132647
854919
267434
498174
746526
577106
615882
894156
847446
338145
892712
712631
541844
294478
15074
454368
28603
564903
703358
874626
125994
391385
759874
979691
639671
518834
685721
901639
778068
263483
198293
525735
257172
177801
732914
582067
261381
88582
68997
36
757216
767376
961270
463132
697934
340075
339701
350161
409538
862905
147897
309164
623520
712579
642230
668103
960967
897281
588822
662776
351884
800261
99150
364071
12931
737955
46770
744728
875555
955882
499635
972870
418194
384782
1880
509107
57744
901529
193470
803628
100314
644059
441847
550701
822081
690786
48279
274564
719675
724690
297302
641206
55125
11797
147256
541106
516314
520664
101480
476821
891229
879466
500527
466796
64846
298043
50805
399410
47496
84956
571853
362621
280145
282631
432149
420764
275406
507839
142893
585980
879299
707249
331162
619978
31728
462534
692210
578663
68359
703296
963796
939224
972697
278088
686527
396497
125062
664046
203707
332855
509995
182461
287609
536697
681037
791243
815900
740663
956811
242581
196010
925053
129482
164997
959822
427595
711879
307678
737253
880302
380599
441340
350906
577039
779119
304903
115877
110954
926446
520794
539636
836130
444720
225308
760894
408897
17683
18067
600072
101056
672797
863981
589272
782002
633895
678146
97534
761212
949159
352347
960217
389283
838391
562388
111691
592527
63769
819970
612753
838513
134254
650565
198975
357294
461837
466297
933692
641848
743205
24239
835641
856354
26614
608334
96088
766258
826828
828047
78484
79073
265102
274456
65404
864285
163604
264735
259782
262400
928517
683583
71298
459154
425314
324297
222096
783285
495277
867799
352142
766074
277199
751292
150879
411278
561498
290238
187895
31557
443742
975009
561131
111659
764786
904531
791683
645855
785215
127000
307727
610750
272746
643791
426839
534969
938336
462140
306511
492910
122458
827315
281355
170325
485066
643870
616144
771951
361272
234631
292150
448300
99785
681821
901523
11971
127075
996389
244611
737273
82692
57071
430851
795320
738641
913073
621430
33490
158534
948726
995111
337404
489852
899965
701749
378286
274262
742428
947566
910980
792940
558164
14482
441304
385618
225519
903191
841131
857206
676665
781642
292178
863810
487475
481356
288342
696923
586175
125777
518905
753718
792078
622430
939492
651961
883122
766152
237589
944044
297362
506033
579275
760199
531332
76317
650725
1686
347929
145925
498027
333786
226325
605358
798218
856723
174594
935565
737134
374302
816641
1510
10047
486444
649243
288657
213612
132064
771497
2298
161801
298652
938838
987749
935240
732404
478011
433052
403755
828131
32009
87254
352422
157011
588617
393737
208636
294033
177953
88751
727079
43683
937363
659387
166632
405329
739007
739497
83395
164583
619522
805657
183866
924385
515806
26812
906071
418571
653311
207794
856310
52753
489025
224505
83130
237205
377929
920290
705018
97501
646187
837928
735798
696073
463971
593238
146513
296393
86062
382485
806625
977127
15903
491566
798311
73113
840014
949636
292226
279794
636119
771431
512392
644547
166556
392546
173173
672227
44409
10640
262984
401022
159178
390234
661818
23587
152610
574294
971701
282216
944729
793852
56286
590022
881465
969877
438932
72408
800981
132184
246431
811266
149619
830663
155147
980897
480558
581456
132989
269415
707864
828710
694499
942006
942129
493998
271588
849061
523255
928364
4882
733505
381953
250826
284176
601705
846164
357382
408742
114404
563965
121352
21587
907569
556359
646621
88290
621116
246819
113594
622680
583075
951407
890533
513256
748379
736496
55228
561649
747638
276856
586152
926078
533731
465034
70696
685957
900443
110366
694267
265350
74595
395310
298370
624550
287623
137025
543580
92518
303667
365377
657734
435753
314133
970067
545415
316159
711116
324977
83511
924446
932315
552946
705403
437564
703835
875748
471461
629852
184641
358412
841961
245194
35555
887818
383713
290587
246775
997340
84678
183004
299401
24955
467790
421776
811077
367780
302568
17105
96211
60193
851543
989986
378666
350072
868520
556197
471903
616653
16742
755510
134972
771362
640803
107028
619309
858064
911793
180299
556574
302238
522857
223237
757514
167705
929348
616569
543388
155787
899700
430221
156327
266772
395273
995327
825905
474930
897218
816762
807682
779756
262449
319213
297208
196196
228690
557579
873933
297912
375385
630493
359781
968490
220209
605787
641949
893869
451728
933918
254882
675168
1786
486806
184775
470648
844059
594649
67505
523588
874720
715837
756110
301541
348986
270617
40797
873104
556126
596789
297545
646293
430389
175904
789549
477702
245986
555439
749234
340806
858733
592221
310542
868495
467917
513969
795238
531072
774316
46150
998343
95335
201437
845101
602318
742211
998892
111464
194128
418511
84155
1669
549076
463795
886413
125911
204423
818337
757063
542076
586000
768250
696872
848607
354753
702197
634227
394631
687712
8801
936550
405720
939523
69336
724032
212981
127918
268804
752897
442497
374050
358285
376063
416015
93585
787433
671951
119904
111629
922050
901615
238661
390164
798131
973854
346962
675381
592508
558746
350607
51426
44846
257018
87517
77084
64583
372289
113903
870409
682192
338118
345146
425370
529982
328505
521351
371489
918795
453894
135967
357124
363558
269631
312312
651207
396740
605411
487320
120935
811787
884875
841191
202725
701659
424421
504752
821927
4936
400324
456049
365490
215188
783756
353938
92140
454770
245328
386586
599553
837448
179455
822843
985294
708275
84264
538639
930623
839933
253781
794940
70168
646430
967933
303808
43269
264535
86110
378793
502891
928909
312543
886786
676641
587150
974717
6752
100267
458904
237695
741533
447088
854964
4033
879789
758879
913585
867234
425620
757242
908383
344922
493227
101984
768866
187478
814342
583381
353322
195575
846083
875134
964972
819227
865842
610316
190241
725664
629213
522841
739603
365139
806544
616013
506538
927777
952637
458786
669289
691315
911176
721049
926009
830818
725211
196501
662899
662855
347741
778730
681544
421038
371258
383317
735991
135730
356898
507281
114414
655733
629822
198206
844796
694981
476339
118824
214652
848816
463219
674797
16575
187368
644449
940008
56868
977186
329361
831175
290096
689284
379438
538697
862961
785517
516837
398562
777544
856793
311957
83379
25614
571376
114352
226006
768084
10337
94081
499158
572551
633055
740885
685455
19366
609150
618425
579112
274048
449072
458926
978451
424744
818878
409378
315231
291522
362345
310285
507465
75846
14357
428427
357919
342551
907715
556107
538111
62910
634801
298749
714468
603150
895688
633377
223887
112633
686756
214471
832925
873251
54143
322531
703095
314807
850179
715988
978024
254338
626994
620283
505687
507370
559554
706866
571468
971313
56337
975652
217881
574667
97114
161627
775373
432057
540132
898529
834557
580954
985645
788943
680801
115851
455479
441344
759254
747023
798805
553240
435942
401779
570574
530695
837663
242718
113358
928619
634791
984410
22373
537146
668352
424979
612233
914045
605780
733560
664907
616367
105798
600129
663007
639748
221886
292407
578376
307363
435846
565376
813513
639518
766691
371813
697629
282761
702505
895832
469775
129537
74982
14657
489828
524791
215357
586112
979912
406326
86840
945060
962804
172608
574439
374881
912247
349279
850049
560908
445351
846394
859150
567378
863856
325312
711333
855941
41118
153520
700691
457634
750770
592664
601596
692373
373213
947194
731938
154601
856221
977331
567465
103238
234466
974716
854037
85616
167742
872900
904728
208343
956716
652434
215450
262341
735725
383907
984321
441643
605026
961043
170561
752000
75717
863995
315581
430273
576880
542182
249830
315656
831
416104
909535
439787
487214
986914
881391
222265
208648
911620
366731
996
758601
672099
265323
770156
834584
262848
366075
519725
705842
718467
52750
159434
353001
744978
413101
640104
324723
897161
128100
438081
49061
913929
653472
374361
936935
294183
568508
231278
975633
182203
496427
593029
238160
907541
271631
442084
776204
789840
142367
517320
54668
930253
44400
617811
828117
837571
871412
800117
259608
93949
602130
523678
200746
522838
470828
134984
670283
628780
321706
498090
256185
556017
664358
425518
314432
647334
993006
729574
632164
555702
388318
433466
525100
739406
136772
851416
452916
12779
544221
562064
248306
368951
398976
166570
814139
577557
229509
728178
204275
107533
216248
907391
48097
476921
845197
265738
861862
980723
83666
984812
390630
5581
672540
3842
158752
241848
196414
237168
396676
211686
546819
63938
161640
754930
797106
600239
806434
744248
186300
565067
426977
997517
695088
780679
881885
596575
671301
174649
479915
272478
330654
449093
5153
174998
84534
747709
34900
265092
683023
337825
96216
766192
464198
730877
686186
358402
858506
566272
118964
822507
492973
82065
444338
761238
979620
555253
440899
455063
307521
902502
770553
708324
604132
122935
66378
780871
755303
114390
5380
523497
307314
645140
803202
768261
755241
448688
167237
357071
32981
748345
625803
2699
917786
105583
977677
887955
990041
259023
280407
102672
313966
137473
669288
687566
173586
187492
891070
9465
575843
64442
508604
7679
945755
167732
939347
360315
780377
550569
153060
37410
440677
315416
142708
931358
582932
679844
29426
616601
128524
116216
36815
770875
143281
822662
273924
626039
402674
275966
149709
918474
70189
954232
306480
586624
251877
692649
85992
466901
457999
272902
78574
610143
797707
584935
477675
845332
715074
551452
293233
279677
304712
553224
135310
875557
355781
798719
265332
290143
941906
633574
474009
985586
54507
565153
750423
948010
8794
911761
109557
148111
275647
726302
745264
310537
494035
835291
156221
368933
554778
445832
338941
149832
259764
427092
526571
978659
450461
809301
832058
481221
732269
816741
735004
196849
137556
129333
514201
512842
274448
733377
792414
292775
184770
737406
820312
454053
242258
489407
653182
224306
879020
580967
236049
219407
597824
560136
776841
737983
228334
922748
697221
198258
408091
982278
755123
810624
761816
959028
422008
214726
818164
799419
938807
167404
969895
707617
874310
674249
312788
937030
921678
300385
885509
603659
136973
464315
175955
389393
170646
886782
492218
28061
875408
583625
747874
956765
248677
152694
889292
291594
629222
574416
991386
173172
167808
696872
184190
143873
487615
220765
849915
201924
461149
794389
431392
270877
216269
195885
839374
368349
384871
487299
459736
456406
396818
302888
966182
242736
629543
305745
141606
787729
535672
923631
276670
352447
410434
233271
377690
974934
26511
23856
494558
328452
785558
336157
215649
557700
264009
353805
631299
430035
885024
611713
438359
349094
649487
875461
544236
789088
594134
273676
80989
137069
660902
630527
470897
157035
3668
154040
410359
95232
53214
29818
196073
614465
882595
908302
275255
947595
678038
109859
397245
182319
544243
871901
255126
930684
654798
145954
436917
396494
961877
80077
318314
710042
723542
275310
431859
908648
362285
149156
476454
240029
691814
76028
32402
476592
705433
862163
976981
335930
554840
92798
808403
459223
563585
544837
544412
460997
643857
168215
279137
428718
22067
226955
564981
919561
184708
745579
797888
790009
722510
947695
470395
159405
59184
861150
833581
29506
702603
612383
510327
63186
723458
396482
12471
695085
59285
488807
161556
580064
964035
171661
142042
462454
162697
488503
611933
912576
349731
267730
989287
40413
841906
708047
569112
187108
402674
185603
487912
736412
767469
671816
805763
530307
561026
210681
166673
603151
348507
679965
628157
684467
589413
670954
804912
964990
975847
910941
178766
588983
330797
239522
593733
141931
566056
934872
64867
763221
459067
407149
54041
363996
346481
897896
411314
59977
832012
344236
848702
607580
86486
980120
447611
426096
364363
52710
54059
497811
569185
310918
874296
926373
432874
915220
742382
768806
583022
161962
803881
315663
642543
199275
883076
992179
848017
35972
890519
423213
111340
401536
359276
653835
901735
136724
646758
48136
389529
568054
293733
433281
213659
715418
916753
172083
770806
455003
719551
815347
290533
5547
708545
217499
792211
61209
475879
554101
887274
375768
923685
576205
63816
89545
706321
479673
162239
916411
492403
738722
856104
97428
569095
728818
915000
266626
454026
625200
92644
551660
505836
324782
870809
885583
76559
216402
912217
48854
181722
804491
784990
995278
89398
520610
947403
63147
640129
184708
876523
260525
220850
306389
119136
835472
115916
934072
175602
963156
964062
104292
917452
133607
329709
771685
791348
452462
225722
628648
496526
509931
254705
571026
812672
328699
329642
406613
779848
955981
810334
625220
306328
534818
437750
976866
193063
963997
78800
747780
348786
423100
702028
212667
701577
636542
221527
422499
727650
303354
501044
293107
148051
851794
287012
520871
366284
510181
580660
707515
88293
88476
92046
823313
597011
607044
107060
179248
297080
103146
309352
868469
381483
834825
413340
806782
754594
864071
894752
797239
927929
615938
786462
924420
933293
994620
890702
153349
71670
203644
178915
368795
972167
912349
348922
889224
302473
825837
325195
300635
222243
787179
710314
347877
963483
176653
838557
26664
346919
912675
87291
983434
828784
41140
757036
325026
453929
488395
147307
862973
443495
170487
235079
149190
40326
868242
976782
800272
633953
777440
917960
658823
506895
495405
575509
775372
781344
609123
915245
244685
53616
278530
948741
929197
276963
474735
751683
945447
429102
226284
733695
595671
477021
421244
59025
774519
456292
378552
425528
20096
138954
716780
812610
1544
608978
982709
764714
408279
533749
625613
833327
877298
46086
49027
425165
504964
472225
941135
301196
37513
180039
239518
89725
380380
857637
479321
81629
242484
767100
115867
662948
864237
161949
544944
467178
39045
599515
15913
603399
502110
872941
347199
714450
144734
615810
75042
411095
98146
140638
219659
856927
351438
994216
982070
771653
293761
134248
675470
595263
552692
396400
425815
134862
14258
148079
184858
730710
110238
11299
903661
435544
494252
896918
162416
372805
787483
486635
121735
130185
112614
167293
215362
704745
604688
32846
406275
245229
56000
57664
392339
123044
576858
607963
260909
272044
418632
6708
801543
966125
792748
712710
307073
241323
803734
957129
935107
961345
596175
18474
681108
4481
105819
717435
250853
961234
438978
586803
609492
661533
848674
384884
416210
480168
195852
301397
591573
375567
869794
51038
860058
848110
608860
988319
845396
666441
770677
107121
849500
601951
106757
255931
640870
438075
684486
787235
406917
122606
818426
599068
292442
980422
249981
527674
976436
601295
800295
403676
811186
749822
476579
941359
353449
167550
875104
197047
818870
990068
950442
890018
568740
508008
971068
586670
454809
252363
412599
153437
906948
898766
273572
148442
460533
511392
268464
858721
697785
741502
317246
210370
724778
208016
836677
831625
568292
930972
612444
597589
351635
274638
571602
638049
933617
561943
136579
63349
219199
106022
276155
404269
713049
303264
425151
375744
172459
978281
494466
118056
13302
612059
373981
62833
204068
930697
308768
687374
354646
728420
755265
725259
584679
238394
768734
770120
232923
53239
194501
626134
635680
257945
342051
835759
388436
891402
570764
503614
833860
658500
508353
952448
594415
673728
431736
982692
152843
553041
756006
195666
705276
841585
222947
749839
148782
951792
710116
602860
192643
550860
802106
674565
128357
124769
264020
109814
1905
927796
408565
180284
516263
100013
32820
379446
424459
544574
883848
500224
393182
31522
627236
596020
732776
482876
487064
949729
224467
81830
893736
541269
949167
658070
824429
22359
779031
47787
381585
469919
618611
583798
508105
406359
765084
273808
977404
908519
227732
363877
386921
347208
546997
801406
410916
640654
83979
881607
232234
260590
383488
734149
646577
764030
656549
379434
898273
758939
226131
351172
377302
440636
572083
40440
310488
499503
802169
218035
338079
363039
973193
885068
173013
636813
810198
529120
377638
340361
718740
292862
117927
955345
606638
258514
546611
535728
957341
786108
566001
479950
786547
393051
491121
806666
539655
375467
752451
75520
774156
965194
659764
276969
155820
298815
836753
363238
228067
772241
160588
990292
780290
356395
743443
287873
60308
339218
234690
700134
99354
776576
73355
119606
817575
918419
928272
627274
611265
434944
323865
705540
727185
417559
881511
708086
796155
267190
738988
184008
190970
324786
187508
256856
318666
399615
520269
55635
910652
334241
932506
448021
2033
165514
582240
31715
529804
678390
121732
34007
169546
370141
18438
280394
913988
795308
882323
343298
367794
867761
362758
662448
71656
179214
476681
925718
66761
441395
776517
360213
429919
857038
276175
587636
761922
177922
457711
922418
767862
939302
973481
798313
644439
172139
106656
644970
400512
948715
610653
222316
342060
618464
690918
755362
530250
384294
772799
255308
503568
265551
200045
868147
12263
725123
684355
131030
446221
601139
444518
632456
545670
64385
916776
370171
32378
804496
667273
742837
857648
737805
762713
220118
494968
707105
44399
633864
431080
914353
79348
74836
803066
508763
726199
10039
786805
494464
687843
316997
465711
823271
464432
561160
920172
12726
682286
664813
217219
802919
749217
699306
698889
856404
480124
538750
830197
145980
686432
545474
429656
503359
671074
652496
200619
142370
826209
952414
717137
596402
528993
501880
36140
67414
326713
551718
462391
374876
354474
666626
164888
253914
558505
710282
525957
886251
803850
56370
64033
788372
28199
50715
844455
360607
529803
827568
117077
231096
182639
474880
834264
765289
976214
94715
158517
761790
452171
765661
319154
244915
672513
497544
899217
542305
220248
47626
398983
487087
95032
92909
297846
286476
924589
4627
112004
152501
661211
697798
817075
617651
985302
311686
74655
211690
356208
384449
3784
685797
421005
80529
490387
922826
338292
243647
261302
98422
83326
159502
133975
40786
527640
803952
607944
691172
347123
663899
29349
586308
442758
118886
829892
275421
980350
904816
62328
946833
752401
979200
598083
663850
744983
71196
101871
408739
372734
57887
938319
629024
206097
375762
270459
963583
559417
62487
99711
405366
455321
825975
342880
919701
327331
315446
585409
684880
429890
772335
162924
771526
550832
695121
449731
633139
526583
616094
542857
964826
32813
782456
467006
734345
672513
594251
951798
117186
815591
760676
61601
898437
306236
821896
995599
913467
38808
181499
836364
319995
685162
361910
136542
23671
725440
596811
273335
68599
915977
781665
742046
998435
627533
158995
336213
946669
239217
637120
828983
699558
806432
888049
255729
814065
915830
71565
278482
591010
750805
589983
874135
201967
104905
84032
111573
856591
785883
733977
843571
83599
51643
929672
794363
168963
493116
881061
863451
187332
159776
720339
370939
655236
327150
789179
193926
26372
967693
775004
668475
400901
13911
41323
70619
673178
232309
297056
497629
201635
575342
594353
324540
541843
871791
185786
86419
445377
550067
373583
646797
675304
236103
851128
20780
540806
204270
821906
124018
201659
602231
309651
780417
634544
78187
280118
77192
386283
184050
734118
495213
765853
526980
422537
302325
889942
809181
923393
714865
129815
887888
708339
925766
16045
341524
472581
486018
731342
110156
968085
930843
224412
436201
268363
161956
124739
509983
878688
288802
221794
197859
786969
494795
703687
43489
556866
601779
995129
905064
91514
897999
481001
784203
6067
503234
244705
1789
176716
83578
999086
506756
558354
642403
450358
881360
793244
528509
325712
81771
530871
96760
515132
888968
671916
755379
717171
188760
969108
725021
77060
788646
961873
764586
746093
207347
955597
735425
939399
946448
466377
848336
254480
902128
43430
308303
869954
399851
20463
978021
732638
416103
136243
976459
228000
613063
430085
441579
791182
174836
706801
5831
75168
655413
537700
957926
806116
837000
269772
172801
194240
445065
805552
801663
430850
452108
79139
968298
737263
6739
21728
438884
246435
945380
604886
554736
468680
994944
76498
546364
411854
355486
260335
711300
676302
244634
933024
16002
287376
185055
554607
181501
858795
943541
455432
129891
931149
31178
358109
918478
3274
157994
761851
542178
806254
484847
373824
900317
605078
130755
550170
976891
469136
933887
460052
777965
337550
523484
165477
169632
6893
5910
972057
165243
251950
359867
308972
379591
273658
350232
512708
540559
638150
467423
992468
869585
657721
605164
1323
197821
64479
621635
933272
419326
983850
727160
26545
581027
817201
682381
164847
262988
383712
879450
268004
516667
316985
881321
571143
318044
433888
818277
636982
117714
47457
213717
255574
274712
205505
156090
513418
200191
632780
741244
183656
339908
758417
815586
904447
207755
732158
789032
215524
321964
77828
239181
945325
39260
403532
119359
455478
989001
525276
232007
921757
192051
922143
258586
210111
271884
405806
524923
284135
743704
599044
764969
632792
497822
931656
266536
439529
547530
324170
388202
626711
822591
673250
899630
463947
226633
277205
365585
502650
626381
59618
977590
69233
180118
80930
693948
339910
479203
414737
856421
735300
116580
294836
470103
980227
557921
243739
887705
570908
647324
880032
873929
363264
492463
164238
589927
918589
768531
221736
982032
888214
772037
502866
26682
902572
404062
871765
166707
714626
302047
488778
646308
793070
490266
250095
723471
518362
932794
601301
976054
640909
378914
863468
656897
680867
57855
985869
311716
478871
433278
692593
989277
1341
159265
633885
566572
449614
10768
36636
59365
7175
181679
625983
803786
501113
181050
400211
406790
990413
942027
307290
910982
952883
215400
791562
305596
876388
682981
260575
129854
188620
914270
749721
367181
620198
49204
964138
243209
320168
129216
898348
862466
870128
396234
697773
124611
889682
131674
346916
914885
350750
626269
705182
180867
85546
919452
586902
767656
68875
104850
984947
93728
971754
209845
667863
323168
371239
16630
444522
637729
634816
616204
664301
129468
707205
921557
422792
352077
314547
455673
221546
334876
547707
845692
609553
467307
455667
289447
386015
539752
948013
100564
381627
976252
116819
421060
939523
204102
43092
899193
645063
645791
160765
294812
915879
689725
899839
997226
99919
259960
550521
152852
727939
692853
38295
632549
877434
256340
554118
750967
208866
512826
89231
786874
249071
490592
170326
55481
19347
248497
904532
427951
659763
645439
181240
772935
32030
895103
766658
531727
550787
352699
413126
894401
430364
147752
307763
55191
257851
700702
815427
442194
670785
491939
154763
177630
935392
254748
718905
598518
989902
41124
491977
774854
832545
951872
848880
431993
767369
135193
490751
866626
680038
24475
763098
206371
614156
367914
96692
941836
350613
227343
441260
113361
944963
639813
739883
807182
436362
400363
115146
144305
154043
528044
996064
919862
681861
639129
549992
256372
653264
797035
250795
293587
583641
181819
198451
738677
939603
601419
399048
330511
383210
740693
291309
465490
336358
524461
323095
208657
670811
42208
120976
700975
709006
994152
154978
996572
307039
669336
230623
157289
221595
608876
577042
220939
560122
734480
853857
258792
266074
117293
522246
493267
982021
213421
66092
533084
334831
249948
597625
873058
826843
746961
512126
168635
737189
51390
619306
746542
727708
266908
998590
962324
956714
962032
392708
975220
471168
273888
985524
196880
384292
917393
242561
75455
518573
82396
181566
264097
409687
348431
982621
916471
528693
333841
547664
738130
393143
842853
626251
441609
203980
514028
702360
401830
614717
267305
790069
615818
253537
228213
248126
990224
606280
777123
115494
620476
315669
900677
508542
169794
960178
45034
602220
481133
306839
531672
368775
307681
78006
895618
439741
417815
606679
380945
855610
636414
620290
591702
608242
885699
190952
767543
447479
106417
138160
247677
462658
385111
760164
209762
808191
760608
741619
150906
452251
221805
370044
831425
519033
112407
993141
651072
663647
416865
960203
62697
457192
254391
532416
238754
416535
285766
890864
877955
981896
325859
881660
59101
946202
162608
168642
976468
415230
443830
583925
861951
205931
882651
141508
594409
109180
423788
650947
470004
34872
121042
230986
968631
573501
253893
123706
706848
216849
249999
427167
373995
978829
424748
961404
27036
240905
6211
73556
232475
661464
261220
230240
685299
811140
559311
570384
439575
487669
541389
451076
947636
82704
630734
213667
979449
837001
485867
948815
925455
794047
575037
474514
256638
988100
431924
558189
90128
263154
630400
210718
847270
448746
642161
742782
799784
770868
667641
858690
932022
116329
75960
572913
913401
676761
61235
510082
20484
443458
971932
484738
845429
269927
376341
694799
632017
945868
83137
868122
118518
930985
329796
925463
179156
698645
795231
523230
529063
476181
677134
977965
539970
986501
364964
103339
772908
582413
687196
477796
312823
236670
397138
163055
886471
96675
948760
187513
915777
50913
155851
184903
226788
250002
130360
665571
421818
34821
626398
794301
362235
993705
501713
400626
197603
642728
239085
917508
183686
606469
499785
467475
117472
94292
44099
701879
997636
64599
4339
843423
296763
986121
802998
60494
297317
93208
978638
51480
584855
537413
994363
393371
427864
618227
459283
116620
529162
114275
743417
860571
21003
309803
395649
557883
953018
912758
278858
852038
373066
710761
991447
664956
482776
826820
742257
819526
213713
190091
426143
229033
588776
427668
484289
452884
566421
646297
70805
493706
940716
723527
266855
747678
388398
285130
861716
313651
145651
935924
194534
54209
26570
304924
999088
907614
931409
944729
537902
491537
724443
748320
803477
713885
939592
119651
728417
812188
848664
907517
519773
872622
649395
926761
385920
752670
129799
109641
780444
835049
43219
160206
991179
418474
964921
731602
24033
497468
332843
496600
328213
953759
709861
667550
195774
113261
724184
435347
367287
30509
793289
590444
277187
264727
608816
930539
791145
683373
379251
884314
513190
245732
794952
774335
846552
8312
866730
549163
894169
619459
63577
659911
572892
314157
621535
845819
385755
501447
868711
946117
449750
422717
502099
28052
530761
523792
888568
312648
989785
13370
391597
275868
678694
968012
30938
829315
13285
520097
279257
10287
342752
611742
583020
767305
569469
841143
600598
74241
323823
985946
631894
764105
575048
162112
44172
193363
599054
336991
367655
565703
419827
125838
58401
377106
360308
972201
129286
444256
680161
618264
934587
842683
956586
556642
821066
692196
639329
18727
532553
187833
731291
993810
262727
934215
122439
388103
96477
609764
41584
468334
823547
515962
543065
326161
904710
580758
625537
363515
472182
62857
24556
495914
463667
533483
333508
723116
840201
638405
178016
304947
858485
216367
217517
66499
869139
454703
278105
288991
863941
121471
981884
535885
11559
448701
482144
976593
926341
757768
371713
123226
824530
231555
383788
688718
803998
869538
620030
726270
701950
930643
817938
266712
866008
337468
586721
451231
761222
582273
548129
949695
33830
459457
878401
566010
296988
94947
894912
351569
432541
41921
911032
213070
610231
121757
404488
86736
390476
244104
440349
570910
347453
960700
736102
249754
985779
327630
136653
879388
863856
461250
564151
991943
98726
153628
671077
832849
340040
938573
829434
580810
119105
855077
528556
92716
128740
470756
543600
545614
749575
170348
485753
41224
543214
273583
463881
157133
45441
886263
161450
78101
609000
727236
280939
90775
851578
388346
303969
7495
126905
235205
298990
661560
635866
655172
230806
128277
185165
2336
246276
233971
307584
374598
213289
256465
656061
119123
549457
485167
740938
753444
352497
413286
834423
360554
836797
354202
554991
388221
828329
901339
912681
826046
935911
414567
326190
298339
699147
876722
836745
429408
936485
73831
260648
600137
933691
973543
444162
181161
234992
703420
105455
599201
499293
780192
989699
628802
616446
680584
345888
836679
723233
760329
12298
260615
109993
805662
226681
335992
913936
519491
914361
537335
489694
904196
411770
788683
715189
640189
497492
332590
806738
453099
412131
272007
769626
358718
203791
119917
287005
171512
278606
188538
147779
413155
991581
977533
933368
856946
662666
588781
485321
365307
404250
837127
827908
387132
143668
801712
166565
782943
131770
201044
417141
853820
249003
821835
94805
715291
553505
309846
436134
447144
898945
84099
291151
875223
282744
23496
645601
379340
147037
12783
805928
950152
662104
255453
467255
357992
954435
911919
816075
365860
498225
422814
685408
133989
671525
363570
617328
871939
575328
887960
299162
211198
912986
22897
959592
301796
777045
619988
211103
2754
659888
712075
991000
718674
778868
595500
529370
194355
466438
677118
687848
923916
632422
515300
268884
665218
763752
741498
653861
10125
57684
421357
934362
390085
858525
933245
419608
684233
226905
902278
316904
442972
101165
399954
191012
425287
709522
797727
72992
906097
90999
762418
342355
851226
839810
880085
532793
157061
389958
416556
586600
160679
852646
869311
78773
135197
575487
845554
48780
121942
988322
121330
914192
394166
550175
150029
338221
135878
794426
821506
610829
688646
194956
589438
692293
573912
505025
193442
812145
178706
773623
958921
372306
322243
155195
278970
103993
983974
629341
469342
281647
632072
224512
916187
168301
84895
595910
40878
802387
143738
740417
210054
461580
874311
560373
746560
426116
693893
470970
347896
741052
374900
425797
714259
698076
397864
432575
808488
254045
279712
381417
612059
60576
101957
194510
242207
433645
694123
983336
256702
227400
861258
235544
338959
48651
311512
586737
108770
521786
744916
398165
739409
241269
681589
295475
985704
122165
728695
114630
463656
913155
455202
555699
840101
985612
325196
88557
992976
260864
415550
4980
115040
22367
991903
286922
779930
699322
508445
833559
438477
277424
46966
587105
932627
487912
46445
445690
318378
713314
927383
216526
658575
127549
855655
228439
976201
499702
460426
222523
692137
382
290001
727972
64234
39046
476140
150960
846304
157269
549539
651909
973651
277033
163135
576449
90570
402544
844636
335104
342419
559042
301426
609613
890468
823931
793485
372213
289740
248274
522792
35225
988186
496314
884921
815810
295705
486603
257763
427031
120508
835883
474087
608653
100615
912950
22356
209776
483173
553634
497883
661180
608290
782127
175191
402097
18443
658599
546851
803057
89163
420265
529932
712504
473907
118943
955080
53459
996364
86909
291607
725935
726550
317023
94415
389723
913342
604029
696184
290466
813533
671786
583299
718187
853105
770685
546479
543993
904136
995330
578807
46066
791087
522170
735493
135640
682624
952911
606564
716825
404485
946684
831850
264420
168057
502972
896753
857342
151557
914434
86725
411891
558772
608678
242953
749796
293162
59626
434464
803828
117802
157356
776345
771270
322994
202658
822304
936010
128321
352202
757801
22818
298912
773774
977648
686852
340214
434672
594776
311796
136956
740717
889849
511733
551615
296954
673246
456703
260026
258839
273826
314856
496772
218554
431693
152962
512015
879346
124563
393402
628508
105508
214422
825632
262949
682989
230488
749009
932371
624833
985244
10170
844670
585013
813579
539639
175724
112923
212542
81029
138950
412776
484114
352905
313281
688915
986633
429233
46042
456051
71947
810065
750570
773955
936779
125151
45748
283016
87900
66313
527532
360957
830793
851735
283508
628697
978317
501088
455310
351075
78072
592731
715619
211168
522580
618171
897789
241161
335620
86795
327803
922509
746797
413185
657786
226596
563599
442413
944981
944136
461154
89307
240115
437465
737922
407211
645282
787059
693394
669171
459761
764949
281328
164849
403338
672457
17469
383240
51434
491552
689931
148837
248491
435488
452340
833768
88772
658553
98361
325503
525087
538546
667871
73759
400611
583695
449009
953731
769902
952191
515927
83842
600946
81487
662506
706432
885908
707576
189838
777139
148171
390638
611106
635673
266738
401557
979311
563802
737729
686921
748199
484410
139970
998019
374416
62111
700416
927892
697710
449442
940329
636956
117554
591701
283470
106970
580238
762155
23200
907682
401858
764799
481113
596014
445534
615041
688174
423966
738750
925009
329076
313416
356713
515506
844
569025
698960
273696
26449
600880
894185
519828
631670
806230
643029
962931
618085
36981
920473
736023
527694
77926
633530
449793
744119
764571
621141
838024
283565
539572
469393
370834
519080
921097
263520
893021
719627
520726
839251
652861
452804
700243
791478
613445
817691
720053
900291
188290
927130
711018
157335
746241
533865
82559
134676
934762
470636
101935
399046
14720
743225
426777
672568
549287
838033
142678
140896
127572
364337
873599
266992
148051
765161
952958
8441
929814
615645
610820
519175
684615
250834
960041
35627
750570
131886
782616
612045
869712
317023
70254
436971
503936
968419
69075
827833
262241
557168
446131
690209
819008
11376
493077
613353
862347
901494
688145
455326
345193
132256
788659
228845
441012
97133
645362
429509
675887
400386
633150
372733
602646
584377
349086
791531
946474
278136
510932
468676
799961
404891
939547
334872
297184
771127
999106
271461
109304
573946
594395
114264
348350
266519
933268
436664
805885
280031
542551
966120
722571
288627
931072
437627
309691
672218
569214
76948
710130
302767
406102
81433
86261
595923
255679
81712
536458
505747
806519
729231
160931
447112
267561
701136
332388
573703
369879
228254
686093
771835
645673
301925
264494
116141
118457
416845
872849
855635
459905
411714
36793
75141
73676
12735
346672
447895
982628
495564
421819
140258
564965
705175
46377
646209
991142
9253
145132
622810
623852
76526
446004
993031
8600
170828
37957
420054
880826
551710
206656
51245
222594
96333
63429
430116
63862
776204
236414
290553
882001
493943
912130
493348
793908
196094
61352
318737
490424
517111
590454
249420
736611
566883
703116
378678
381075
450667
168362
779220
931973
765706
496250
638440
975645
445357
860269
611492
89907
30955
893987
325863
329225
9407
716062
895147
12113
705419
494701
210531
125170
496474
971286
862213
694214
948227
714625
877697
753496
649188
209402
245099
10249
581030
321106
933503
264683
914651
52310
931891
173519
711895
707697
145741
704787
602112
280617
63069
53871
507603
939012
452540
212764
659999
107374
832144
607663
42903
665039
446288
889263
283754
257316
983567
838142
266761
696122
50547
537369
722555
729370
851593
184852
829847
441749
109175
846650
72929
336995
346937
249475
133454
148954
309870
872965
443073
342975
200773
239758
2842
88288
228969
569947
26758
80504
318705
759364
849108
242421
361234
906382
958021
366557
624692
404401
645884
305862
75770
223167
415758
675680
482908
247314
8453
351791
379149
549482
140167
422140
25323
362152
786324
577421
773157
687208
556256
665755
157280
559866
573365
969899
27021
995161
67862
874639
140618
783587
900610
782951
247416
267140
617936
641962
479194
993354
968099
982010
496577
496318
534905
262689
377405
159640
203589
403244
961210
149914
172925
11858
712971
607567
569879
428660
756270
534646
792360
361442
373278
8456
339965
51546
174430
418917
703280
169531
761592
221474
420937
19735
80484
181981
660460
248018
81360
76738
862386
478639
491470
540676
341572
941401
841260
914585
321978
609894
471713
316729
415656
936612
441388
552928
273707
283927
291125
262641
984116
838520
47324
714206
182121
247627
685011
672894
663848
637058
231615
305071
366215
873468
973708
762578
594115
915738
349061
828269
963909
122412
156481
359006
94719
353856
291607
719084
265525
102269
754626
671641
779981
897446
347126
358809
953245
330844
824630
917822
877336
637108
491184
439403
414002
846069
295798
301824
753445
433246
537834
458126
866721
623138
701152
277170
89324
431898
681418
99090
530863
966594
682453
528974
510914
484345
843771
299381
783818
333205
625806
923524
252590
121288
268076
705442
64433
39508
791980
195390
366109
475078
637207
830149
892164
306895
909316
318000
683309
581342
194386
424309
761940
126390
20131
805675
848176
688990
391779
487397
95246
794549
981610
720224
184231
415514
949189
338348
425802
365874
712974
226384
97600
202683
438149
466674
533877
23854
470752
821351
461084
863846
355649
484708
165109
66905
297000
45037
596523
876374
835631
871495
240735
743371
609245
263629
431547
41210
543464
318953
129379
674368
639406
920526
982142
825259
207857
799991
705253
10006
857783
444342
991363
684504
956819
679523
717701
571435
334582
845538
705128
227968
891865
882242
136316
46576
24346
838819
871565
384752
564661
944584
429287
976303
870731
853101
119153
183479
488034
116148
122424
572092
947585
181734
3594
58768
476883
64782
827562
964362
659806
740903
500783
637840
512910
191498
333302
680877
267543
817012
2305
281344
819378
108125
965023
445448
500946
600152
168390
476926
62831
299228
687504
834666
183681
107128
344156
420207
295239
696992
84151
604417
581378
20091
827147
935384
335563
128993
604901
971046
681191
815189
63335
107845
711287
529515
809013
438641
521159
802681
409780
84849
337999
155211
161221
443949
67372
297142
301996
92759
294057
270614
492926
182544
442744
75449
974109
145799
536163
934471
107315
366863
649621
92805
809504
856058
140332
540182
808477
694395
731196
188293
667913
484439
577531
595037
345577
916505
59574
154952
462370
980090
577302
934928
948642
322681
944340
462338
693320
613832
710303
57548
331116
453922
205773
604916
164102
704880
487374
539168
428651
352352
136498
194995
595494
428360
416320
685780
256152
937155
659717
798353
724267
634588
431463
16996
731624
469323
263396
785120
120024
834670
524049
118715
842921
151832
116188
706006
630788
152538
128036
345804
466057
904873
797233
439461
497865
502541
770350
390839
892826
678404
891236
30966
728644
984619
796300
114971
501551
764165
729484
285736
733955
236667
325138
165839
938666
833043
69481
957998
584838
356769
610786
922596
504250
43746
996551
212207
332259
563019
729117
146945
389719
676744
230843
726462
819502
478496
740365
75261
371118
796280
744977
200283
996327
112197
763046
333885
697488
69134
422827
52391
939188
132747
954785
793006
219322
526873
282029
513783
142142
856248
996039
79235
800362
89958
116172
723767
90850
976486
639420
493079
761190
430110
521670
305774
96096
436733
189103
787459
109121
110432
881676
513747
675599
928183
680688
126132
853059
866579
955960
73208
451512
489821
41558
736767
102630
451852
161289
279662
127601
188798
419033
884087
651399
285983
341497
216223
811876
812906
566146
885466
967130
638501
212830
271565
440407
766525
94334
815760
976397
944466
759332
20694
292118
80710
157473
24761
302143
858395
323445
119970
179165
270779
265718
730366
713892
603944
893426
552910
412389
471382
620129
205858
871442
277569
869082
117218
844984
459333
202290
628577
633357
330793
926333
410791
853516
235663
251516
943265
436861
733909
261745
387732
922569
405944
512873
301714
302778
318135
885689
61086
94779
732170
464857
594673
8207
674359
631814
506108
516004
69564
716202
627436
265040
793605
888538
585650
528960
327792
157930
150596
126783
512229
713823
870602
546650
286570
506839
246468
648721
535346
576242
185274
812193
505018
598669
929749
773277
265756
870833
210061
289651
488333
520360
429836
376268
867846
459941
617288
874932
157823
269176
809828
80153
449554
886252
751384
524093
781981
867266
713883
794234
454850
919575
335872
921437
309440
988071
371211
291551
468256
852725
436063
864646
592974
241444
154595
448261
511759
786468
48280
437466
335365
233685
284512
42362
247953
288790
121413
145791
637024
885316
844612
789995
959648
128232
878568
432373
432493
906232
839966
951662
719878
687597
942641
224731
257711
944235
410738
576493
889998
706933
641762
636045
125385
494834
848122
582063
375901
677291
584908
345020
278387
915106
170353
418453
56668
790896
267200
872590
470151
136323
438469
446914
465
366005
857280
981752
958131
587647
123882
380079
970406
765885
65646
700074
718558
218456
493544
420637
636076
594394
304273
4681
898981
626594
894098
428734
789480
816280
577423
270541
53103
591401
334455
616126
615554
266929
369339
176447
386221
435151
315285
600826
403039
729961
174156
283058
416218
101500
52045
535361
504198
11518
590599
146452
28540
483011
433509
644596
30755
919543
27716
744929
816775
642815
909855
674968
357411
120594
203134
94614
258935
876021
934838
533442
509778
963762
468673
746010
90249
469194
536673
707772
491179
184283
255749
999001
843774
811954
26815
461142
335476
204224
313713
521440
294583
663633
19827
932785
99980
958192
89035
236978
27199
426129
335579
335841
739257
43161
747026
374451
736930
743962
841510
939542
393789
478172
850926
676233
150451
361919
484974
757231
173796
374336
259733
402111
142941
854080
811597
290091
721216
597308
879380
979472
466561
348807
838930
864880
243355
111034
131687
580852
170639
958538
664334
975568
529310
929104
942664
744992
290283
78383
953077
247429
13841
618473
108151
498274
517642
60312
725246
883818
361391
376666
344896
197246
9744
472511
594016
46672
891859
422238
686951
407160
664632
321827
751064
403132
811970
246787
856770
118846
289459
745777
923729
403568
343013
157234
652999
89118
306332
582527
934471
517346
862854
104911
861033
638033
500724
571377
411075
595120
432077
639336
553840
649300
20819
452155
651992
706203
867967
262268
326287
297820
458455
40072
846736
274305
317469
180563
36598
201170
372
517596
736533
353220
924455
979580
349234
431908
76774
10919
508270
461111
423110
395745
743665
702056
927638
17591
545987
93563
10660
814508
865096
426428
273769
130502
144896
563033
457614
975595
306485
491016
327263
510495
671610
31229
311963
201428
729965
427657
867419
276740
70904
357678
952630
241011
128604
310711
551695
735344
595633
768480
343706
217943
743959
44387
690495
72481
40158
106996
985301
6820
462242
602882
433771
123578
76766
330097
739720
778589
500301
940413
754266
891099
417046
99069
231539
762702
399902
747206
878175
802334
983779
205691
933649
434057
342086
470543
12600
473964
532851
259544
844364
726975
133903
728830
269189
553367
687523
300636
656371
474029
189580
848350
755207
855744
905305
433897
861726
495013
420677
438852
358831
688392
151509
283083
586188
162373
709169
181175
33963
427460
840253
53602
313733
629377
279125
217546
786649
202462
840029
760314
783702
439271
266214
254875
69516
294821
316025
318587
635782
729062
441383
825675
524570
757062
783314
999057
950882
219122
62041
577829
192506
834107
350136
757564
194156
850881
261789
120697
111655
758943
337508
786270
97046
866023
767953
368397
317006
914316
225460
282916
442897
520732
295583
422733
560907
363016
958728
130097
857194
370187
274369
113965
127564
545366
147877
582957
813729
916247
972082
834968
511806
849813
711923
420073
567772
214191
692463
252162
834361
852755
926958
236555
545866
443248
976056
36518
731963
649405
800662
811986
881842
321253
909349
666315
393156
21745
743399
70542
896605
188913
694922
162693
477104
607067
775904
99847
64778
420426
194361
274610
343713
271541
461822
687351
347684
560246
69115
773739
42891
162190
557757
47421
613740
913599
72135
327125
89727
889859
772110
467891
108747
187935
969857
306985
989659
790581
254785
971445
578884
711083
766145
180213
105475
966967
292754
778817
834100
981698
580051
845920
912876
138500
6620
739906
523993
152362
350067
996426
990952
24046
112325
440203
77276
18154
585603
176062
53750
99221
281191
501022
793915
281088
260485
525444
77661
61751
553609
281378
841167
110504
347453
991835
37295
667945
40679
37596
287515
923690
150522
857578
641082
737422
388814
230342
626900
401481
522916
98395
695445
842515
548172
511310
508761
396686
975022
166893
634789
647051
690524
145043
953018
674609
79088
585105
629020
545803
695184
272762
517625
913389
24653
913929
336293
639347
167716
458932
56130
541112
587219
593917
236018
888777
947445
687694
808488
715909
50334
652807
382013
905608
273054
276433
948982
652692
93278
502226
37814
861930
369689
617673
380786
578807
257088
652403
464813
608139
512745
899313
61406
586496
770345
770989
818912
291009
856411
904741
979117
29382
434609
423951
259228
451252
148698
368404
371850
545099
748198
309984
305868
774431
430014
893112
537915
296861
135838
20197
962250
41437
726493
11549
401210
678703
329587
55897
27597
204905
69423
193159
764278
967123
25652
582005
339472
181193
803559
708305
411913
925117
955492
302939
966042
368653
33241
901447
765940
176079
199497
922303
43657
83130
704953
644313
434639
113944
735892
717561
822897
150085
485881
104328
970784
147023
405585
923566
567692
963071
814134
431073
149723
34287
332277
558220
622463
203460
957734
969508
812891
583948
308616
807437
572901
850186
345630
220623
846779
944487
830743
58576
857238
879577
184408
769586
109579
803031
857824
773582
258558
305223
328585
199574
917553
824788
796651
143968
834271
92567
990383
155622
437742
811649
435355
989331
996645
325566
549958
938692
63360
610466
584425
311777
312816
906232
100147
959263
325593
37970
386192
417310
727101
849565
415604
160475
92770
571765
654513
928765
661485
194384
950642
944309
839329
342383
882091
942160
442832
973887
343947
242849
611647
112757
609577
61233
817086
899647
131382
170615
964449
937088
633741
385830
632071
105600
15591
138915
138545
997525
606429
558869
97748
433388
567207
763458
350638
740620
652587
956729
509568
508421
444507
311133
461386
75560
179954
445477
90522
690435
275280
592210
479978
644300
18882
563453
810404
668208
68645
880349
289776
508836
913425
150504
702104
430374
784296
773171
83577
691410
953677
398185
899628
883628
18406
717936
71369
596152
182401
877163
38938
542289
850629
945207
779395
112587
312089
943360
16839
499475
538800
762245
323523
368761
757571
615175
15186
482281
169301
563050
28352
175726
780147
331651
793758
926962
215076
56332
168443
817077
724379
577405
647413
453247
38877
170307
653099
881489
687505
999786
630724
930295
97889
385427
281913
20996
535067
292646
908920
788017
108302
289056
425380
690128
14302
950245
419829
361029
915790
942429
170306
491603
110964
354747
638394
184507
993167
837823
967005
675039
122582
641336
729177
53974
869071
652072
562671
379100
25837
664819
547627
91974
119836
129880
89492
918373
523465
694136
982435
91947
819953
328929
364283
996429
610952
424589
863426
434758
417782
108302
731734
906801
58503
504634
960496
149102
547681
937733
234522
785577
781216
553552
584811
659529
344791
787420
767521
631263
242237
546475
406984
30788
811951
518040
925359
263550
323949
772325
65381
458840
860981
936397
725124
496826
931461
953871
458951
690598
180935
90920
457986
816176
645510
669242
61157
347788
543708
381012
266502
265591
905524
454430
27164
414157
541938
495163
498617
250886
650289
594655
549545
458410
209100
799527
524009
476519
512787
713681
786491
350511
520313
305580
437236
252710
912808
841552
770711
50275
175067
473429
356583
153057
89714
278557
926219
412726
955952
846568
729702
253628
107275
739126
48906
438912
310217
436634
813717
256698
812051
362238
925853
888768
484459
32044
427622
254654
163098
196056
588918
86895
386292
234572
7999
846323
677846
536548
512517
495284
713042
757861
280473
133237
382946
914035
865828
225806
465846
806499
604074
797417
707688
13957
653426
416504
801112
789417
255455
612069
530392
296974
297866
293152
323332
192191
702629
599565
263773
796399
436817
790195
923147
550569
744046
369794
448154
812754
3668
679528
791000
878323
239329
849547
298417
737979
116593
210148
193677
977143
268689
861378
587500
570148
618305
22924
692125
485048
538293
156016
669816
940437
36289
245448
551944
990377
4310
33495
62509
477502
131193
400317
159911
846695
529818
398370
669670
938043
568640
860232
545369
401405
924149
588883
33164
71011
697080
30636
696438
662223
80681
401242
279045
91731
617512
598948
60456
976978
282594
979742
194202
951670
373707
738386
801310
968536
881970
237743
434696
181179
752377
853542
989742
767793
752387
942795
928515
853670
707736
206613
712554
494297
326666
818574
390389
683978
990694
555370
730745
24620
644060
537022
643454
16859
924629
634155
637688
200912
340033
423910
143586
987359
248464
678130
910817
998855
715973
39435
668155
755900
229562
421184
160390
527449
131799
678962
556699
388189
644058
648814
121613
320501
815585
799100
149718
220622
430128
746644
461413
662599
563817
964144
368999
982514
378152
427253
833161
329112
815598
99119
122616
43558
94679
650043
804246
364036
643729
855887
127777
656105
186596
876468
333385
524769
554078
300792
880527
373086
326694
62332
5338
151442
687623
206131
14185
216148
815586
800890
555711
594987
224958
558617
927104
12737
29033
812901
554576
920221
845707
684230
189314
148195
187071
561421
424464
64760
217323
667502
346788
291170
973029
928850
514550
122783
178565
113384
200141
19177
912147
537568
80316
46667
217500
91448
92987
179129
139169
665065
634211
452400
274797
555776
391881
999726
378731
647412
240257
518087
968880
418721
767866
365520
126844
623232
894626
887257
423288
33232
654038
10273
752067
51899
978221
148959
859404
87062
307099
36802
590815
352746
672662
646434
632545
64991
429194
617406
180988
528841
17861
691722
522612
915739
257052
564698
549487
803902
406894
558450
658584
370478
832770
287286
25257
431854
796303
15936
448353
457062
761051
772811
110363
661999
635223
182937
515574
894659
97999
984462
430443
513055
671347
671655
748579
683481
731472
769225
160151
878379
96558
808733
128633
772577
447722
859564
383779
160630
580778
507779
286226
456652
662919
92272
56609
576646
811539
371487
238727
312499
487609
729324
655949
53951
820044
446412
293258
939317
564685
14408
847691
120834
352450
986165
381581
684784
641747
45562
446336
332312
797526
861704
636713
325253
93118
138930
606237
644417
861289
865828
734063
839717
886258
586919
311072
74152
637761
979701
462047
41310
512740
643826
24998
654543
18667
734630
402141
69378
501039
535071
388522
146378
22193
82357
833603
474277
216220
481566
338209
655117
360678
674302
508954
110588
360856
387533
445714
882257
666249
134909
51635
583700
627854
30191
233041
281672
15757
595640
142475
330825
767524
515288
433222
380228
906912
560284
184826
210156
233798
790055
498738
344032
481085
943776
505843
116175
213590
404824
833987
861174
969887
190856
165035
333017
837072
259508
239649
940926
988892
365488
649619
808572
955301
857213
566667
189752
470261
467274
788100
808173
893422
716694
808838
489619
468778
356423
850548
437224
463334
326456
981084
120439
874537
423196
250981
995442
826421
617634
90011
407212
460200
669643
945465
346904
854555
49574
647160
252645
945662
858285
216827
377296
757771
481719
876658
369458
883386
644718
445040
388670
624301
328671
183281
740492
911304
173048
879813
277249
755353
916924
900974
418583
605855
698272
59097
832390
987353
260434
236181
387241
501501
921174
936096
734223
679412
441307
657556
544859
192176
970260
889169
818507
836454
602009
992325
861923
939303
525546
8130
434066
822176
523370
663114
79431
743341
241500
133533
237266
365594
707318
944488
799196
612856
35296
441872
829275
953578
352175
718008
333057
756265
22268
34924
865855
950249
272361
103921
923901
856165
8239
412279
297821
590532
969069
823184
457035
768911
226532
251480
120071
211373
871724
895697
562628
653316
616017
938428
332348
842359
686630
623719
462788
609795
42260
714614
493814
686935
424293
558924
493644
13914
659556
637427
837877
791639
361250
277322
210702
316756
277399
417211
670654
497859
284612
550691
359061
740393
243362
49192
383300
353005
209303
619617
220513
627367
251372
992902
319699
39716
784783
925377
319884
464694
657551
930037
701596
300908
828612
519138
206871
418292
677902
706367
253432
710528
165762
840823
267128
863844
763950
930876
500981
295998
902521
483650
971708
163396
535816
655046
47091
450810
247182
487661
397523
170725
368059
614706
737028
839155
378008
339199
368240
726126
203778
18543
592728
808306
271989
581030
609934
779533
665013
485865
695445
710694
531326
27558
463156
443065
898456
130435
633956
60337
101981
789698
604123
836686
664062
141863
171166
521707
83943
455448
920667
278070
206759
451738
978140
509527
113580
924594
427528
256050
104616
508621
721106
184305
452544
594159
726011
430788
36663
807075
705061
468418
99104
803201
200898
272987
752618
639976
753839
585852
65367
808994
976732
166610
612595
506879
974455
413262
593510
612749
226934
333342
781594
365989
830331
891297
120931
446012
474957
328510
436527
639983
240635
60500
586374
759874
59151
3038
180948
947000
572759
670061
617929
289635
580990
23232
682154
930644
372752
942384
915950
323710
516563
111004
592682
679854
475741
999159
984818
826097
932876
301288
908409
256332
825804
160331
923523
213782
749048
275233
735489
587207
768015
422918
36766
797690
672149
360105
491832
303415
606001
738953
23205
619265
785321
991108
461572
100138
14613
684936
849408
670122
286489
13535
346851
125627
941103
352968
405094
947818
502973
609893
591845
475153
72703
576069
218478
885133
59775
470579
939635
732304
193769
43425
800240
260132
76752
632699
588858
459294
979965
261788
368287
162550
918444
969726
400056
722668
199806
527914
134385
236358
181466
888935
166861
81682
670475
349145
343358
962567
435842
276751
192183
649315
933446
376327
759722
324260
389740
385151
776089
622237
128948
874280
248197
319761
107949
562825
904505
55632
135839
3732
304991
986885
936903
600365
236549
514765
804680
507443
457157
42725
735200
110655
753423
438473
783675
416931
478258
77154
925117
863136
423105
992190
833026
740015
691087
482707
828863
768525
842404
434559
952701
754646
321583
568735
970166
459330
360664
482842
254250
882911
435006
92600
933018
140861
141945
453630
361166
148663
197037
869417
833783
557629
620849
989580
598279
984104
682827
168167
483763
246650
88635
381096
282783
365863
754277
229673
224799
280919
87215
241968
552679
789603
794993
703446
76733
950586
660665
986601
371820
909177
692078
941374
184012
524428
757819
764489
892380
423199
891743
979555
325445
170466
981180
807264
44834
918022
466753
80140
361101
618883
749961
24995
357674
353534
69915
293834
280169
181220
875168
638624
172103
778688
994534
448568
541142
993471
580519
425141
572737
886872
932122
604177
857389
727635
347266
423540
91837
912648
329458
2216
239727
5374
736777
413842
107927
546937
301279
678421
472411
330306
96506
6433
35883
173005
483264
284392
611321
319771
981301
357375
782675
598757
327084
65917
157879
371360
474206
494803
100356
806091
639224
245522
128432
792837
911620
773437
988624
226645
703076
299176
369471
577941
27306
140839
445245
813018
357023
759212
880308
634469
523028
232940
330598
166948
331204
933054
111128
653867
101285
816295
852546
809463
959574
105111
678689
728857
799870
469248
14022
7186
380403
451617
162051
538839
148591
188702
740334
394636
693441
515968
796872
352180
640557
562230
649774
270211
39248
383444
681874
869196
145911
708717
431292
141254
255759
344656
181919
84590
323572
311659
794129
997511
241079
386506
876572
441988
891667
895047
490836
622495
991250
553889
800699
997602
435471
739284
414564
22939
871155
939546
987726
914951
874546
148839
703074
336728
398265
607497
920459
474412
417088
90147
707285
837079
655722
895573
966009
786702
203269
466668
168303
320064
192290
160564
368434
573382
738670
407809
528228
684623
344737
288296
548505
411870
46223
354606
834848
677983
211732
217942
230170
740699
980344
330690
454642
716120
965332
220080
32850
133956
413883
882053
148738
313040
837600
837422
506546
13528
855703
368353
102385
238555
296037
855325
161880
798448
671542
851795
19807
629225
496547
830828
810935
578706
816536
929104
6233
737652
645378
704058
701856
978562
972671
891548
274748
708921
957920
517599
519599
628707
163470
600769
546640
669378
377206
797216
874758
838561
938233
977919
862424
40004
659698
455943
136802
416059
519203
808876
139931
286686
389410
456293
423298
170996
249281
309400
285273
67459
142581
818193
60492
17180
459495
285761
611334
541691
481903
215341
673115
867373
613443
626363
552437
446542
227216
639394
672592
131882
87827
75148
513
685209
164265
4451
552922
258499
563605
834390
116243
753509
270679
251394
939332
88047
445388
524574
47057
71094
430857
681581
342511
395227
784531
163754
284460
22038
593609
879863
305625
438425
763585
672068
143377
771758
768628
891430
910860
774625
301992
137989
855770
425385
222814
30992
684175
9112
80537
858194
203552
594084
39014
819050
321714
298942
118708
378063
3521
223676
168682
279326
916110
675103
546908
558605
245350
329494
833046
219727
819048
567049
850430
367129
563621
949509
825689
912825
400063
804979
326693
301844
278034
284195
839959
274325
623884
961929
800629
104176
759145
642296
829245
685858
318759
196020
556138
303885
785232
312391
226071
89453
692359
3576
941852
182189
992585
627147
577300
91341
32356
936342
103747
380582
424330
615196
178790
977742
58341
988126
488716
828232
197895
204327
933024
532314
652121
88597
599453
572537
818724
433162
726124
3667
338146
328368
619578
102852
61348
351768
630188
134282
898497
435243
51809
117083
488994
27629
37338
998277
923381
612997
890365
905040
457418
965501
719919
43111
846032
735303
761873
11302
842602
617090
392249
203675
304805
86024
479077
54541
304483
681212
104764
163538
352815
37510
810321
803839
682017
414121
207340
284335
272907
174771
182690
960813
366168
472650
38845
345727
243668
154815
535248
290491
184287
579680
785573
535087
844426
8303
519062
689442
836559
560494
997216
180974
734881
100193
326875
837372
419302
371683
162320
200079
788369
600954
984116
662745
434570
455424
498281
321289
681621
963726
410805
554065
920256
297596
64042
524387
412887
473736
967754
227431
773387
73709
40916
304053
561408
629348
979135
741946
613588
310861
933549
638729
619462
804980
559090
117577
98465
851665
29861
130634
112107
143024
246905
27124
349116
700408
90855
65205
656369
542099
831815
682960
427434
187286
147132
350811
275795
561626
823391
15248
136310
870738
365409
464294
275727
317280
524326
761731
299283
414239
44741
817210
478898
207821
383291
520132
891939
721837
827688
929671
641352
380487
490186
926947
705777
369905
846418
487966
537563
172159
52552
5684
896737
588631
16341
810193
162043
315778
487331
961846
832746
111405
803760
496937
834534
627093
638981
540382
934483
374066
81596
380803
548536
443006
922619
932384
722062
652148
889259
11491
729284
894817
365873
437132
594936
872627
289591
937955
552030
973553
576711
42386
825106
121946
637500
783351
754780
359199
65076
381281
409580
811524
941925
980137
937404
943743
543663
651243
635641
630451
82558
830544
978671
596369
444269
460129
829004
348811
13239
766639
135425
400982
255477
212799
837969
549515
529281
799430
659064
973437
701403
681824
473379
580380
6776
527854
522025
742967
12584
709942
384287
326188
648614
479130
672412
992246
124944
919972
583757
568264
787186
529884
582698
586741
80787
331499
868923
22233
201602
763856
361577
151858
543262
47951
536220
808716
95446
409702
212300
419400
947518
595708
904183
874842
211817
364844
873802
495091
747807
574824
252804
468977
480149
816427
297991
149485
276582
81685
534634
245906
450719
862051
630912
759174
236183
252032
624224
526217
762761
471493
115191
766728
705868
946540
655476
721970
305057
831879
491884
386403
713376
482152
195189
348540
343388
215744
823970
164110
412478
543829
609058
499752
363667
261889
138509
75467
30254
796964
67185
43331
102421
718108
824144
672146
413580
742117
646134
96770
285888
635552
208341
7067
862345
250837
921514
448181
179285
65685
44125
528284
688348
772807
6105
415877
240872
817227
28017
361392
136923
497467
864411
402423
701928
253315
567242
215019
923586
601626
805064
288885
65275
671560
534845
326828
935043
479259
775407
375743
373863
17907
721885
586644
588647
595733
468111
982258
529407
413058
644619
600307
314915
825422
959220
120804
155947
828147
974883
864826
516362
317554
898425
276631
254691
695290
203377
645547
719244
24830
320553
458189
62424
806574
396280
135350
938851
781108
597293
806131
706836
252111
52480
243260
795503
135608
281274
530667
166096
55427
886507
333096
628992
387885
816472
950533
972689
645572
666280
803854
124867
9199
379221
117439
399518
61444
335907
37781
212140
731639
764535
825804
977920
525468
193529
482138
937779
616516
299448
617281
342832
835532
530655
269488
373501
642657
168324
124224
132520
882750
492481
37920
191085
162969
30209
168215
708196
389075
35323
818109
644865
235273
55322
765838
628329
136775
477416
496416
879052
728475
234160
824084
197757
338919
866599
405114
180958
784379
412513
576151
193720
598872
669527
562949
175529
896660
597225
680650
168304
115413
699456
833147
320145
321461
749102
606506
602216
138008
434150
264989
719467
354578
652057
656658
777071
271023
603221
393204
909748
890403
744265
283588
142072
535140
409441
673929
37916
629539
715068
101849
795511
752308
547195
312241
767247
51114
721308
83825
953963
841946
137596
938157
290179
242392
977483
761664
970014
949029
529803
186118
228806
336768
454883
560912
777565
959893
295281
875929
857089
39524
278032
539901
634974
859589
7988
700516
147356
597591
989231
578991
841921
656315
376531
568086
722663
832786
500998
577800
587836
262569
114630
656732
628024
780784
692193
168938
891966
997192
782006
574188
789192
780206
428773
384803
301412
889571
934313
55027
402446
960498
526276
412094
118905
651698
485217
120738
608008
770312
360057
6340
81991
662699
512105
164846
294061
162512
424058
247659
621978
204093
677121
351038
973734
675533
818049
344871
416177
565539
147840
18083
270730
383751
200871
161039
103260
456156
399540
336573
818764
945034
109233
688286
524511
583146
643594
782740
903854
719038
9676
932118
235059
55853
522783
739183
712779
784515
88641
214933
949848
245836
144745
812276
389386
521105
319645
577946
261605
760695
878009
803189
307907
619478
184732
578388
720256
686802
360288
673871
44047
885832
247504
878749
684998
431578
849534
326390
932055
196375
420041
162135
475042
870334
869556
352108
481053
321471
774348
923648
2444
770235
673600
339509
526788
58395
843841
4640
769440
302042
636972
186532
6486
826733
710180
475979
65299
751309
271959
210975
242764
975180
366208
30133
133859
5997
417130
224275
893786
479076
542553
580174
691611
604806
726177
708081
985628
426296
396290
347455
753312
946046
357196
246789
1486
298139
596374
876941
391572
874676
890405
829610
163254
718817
86778
10788
393581
745947
384613
280683
753966
233410
789228
276346
678226
381467
286764
212561
344949
83371
204789
928835
117664
507065
716093
882340
722685
854009
164765
789051
630767
717771
262618
118950
635553
717813
70160
516910
539664
883257
528836
367575
85548
4143
503995
349985
994571
56023
388495
840371
815165
326403
591557
648087
622168
259289
105582
876264
685864
90113
900795
370298
107849
853553
291197
697172
489373
773025
592135
421753
438495
405912
645802
518792
577387
195570
625390
251540
130056
646232
33153
126708
700312
139210
826207
149024
724681
239083
141028
640233
696938
726505
210562
503844
716295
520824
745590
838186
166525
940351
310387
602270
526113
813861
962041
539805
451540
536965
372662
736451
152323
973880
856058
94303
809035
745803
930400
578135
787555
519668
713338
501289
183266
212595
905247
794121
921138
728197
639607
448430
146818
542970
658050
536127
989929
548236
153737
377068
658874
943450
804752
754901
422915
744201
921189