00020003000500070011001300170019002300290031003700410043004700530059
03110313031703310337034703490353035903670373037903830389039704010061
03070659066106730677068306910701070907190727073307390743075104090067
02930653099710091013101910211031103310391049105110611063075704190071
02830647099112831289129112971301130313071319132113271069076104210073
02810643098312791511152315311543154915531559156713611087076904310079
02770641097712771499169316971699170917211723157113671091077304330083
02710631097112591493166918111823183118471733157913731093078704390089
02690619096712491489166718011877187918611741158313811097079704430097
02630617095312371487166317891873187118671747159713991103080904490101
02570613094712311483165717871783177717591753160114091109081104570103
02510607094112291481163716271621161916131609160714231117082104610107
02410601093712231471145914531451144714391433142914271123082304630109
02390599092912171213120111931187118111711163115311511129082704670113
02330593091909110907088708830881087708630859085708530839082904790127
02290587057705710569056305570547054105230521050905030499049104870131
02270223021101990197019301910181017901730167016301570151014901390137
