000200030005000700110013001700190023002900310037004100430047
026302690271027702810283029303070311031303170331033703470053
025705690571057705870593059906010607061306170619063103490059
025105630827082908390853085708590863087708810883064103530061
024105570823104910511061106310691087109110930887064303590067
023905470821103912231229123112371249125910970907064703670071
023305410811103312171321132713611367127711030911065303730073
022905230809103112131319142314271373127911090919065903790079
022705210797102112011307140913991381128311170929066103830083
022305090787101911931303130112971291128911230937067303890089
021105030773101311871181117111631153115111290941067703970097
019904990769100909970991098309770971096709530947068304010101
019704910761075707510743073907330727071907090701069104090103
019304870479046704630461045704490443043904330431042104190107
019101810179017301670163015701510149013901370131012701130109
