0002000300050007001100130017001900230029003100370041004300470053005900610067
0359036703730379038303890397040104090419042104310433043904430449045704610071
0353076907730787079708090811082108230827082908390853085708590863087704630073
0349076111631171118111871193120112131217122312291231123712491259088104670079
0347075711531511152315311543154915531559156715711579158315971277088304790083
0337075111511499181118231831184718611867187118731877187916011279088704870089
0331074311291493180120692081208320872089209921112113188916071283090704910097
0317073911231489178920632267226922732281228722932129190116091289091104990101
0313073311171487178720532251237723812383238922972131190716131291091905030103
0311072711091483178320392243237124232437239323092137191316191297092905090107
0307071911031481177720292239235724172411239923112141193116211301093705210109
0293070910971471175920272237235123472341233923332143193316271303094105230113
0283070110931459175320172221221322072203217921612153194916371307094705410127
0281069110911453174720112003199919971993198719791973195116571319095305470131
0277068310871451174117331723172117091699169716931669166716631321096705570137
0271067710691447143914331429142714231409139913811373136713611327097105630139
0269067310631061105110491039103310311021101910131009099709910983097705690149
0263066106590653064706430641063106190617061306070601059905930587057705710151
0257025102410239023302290227022302110199019701930191018101790173016701630157
