0002000300050007001100130017001900230029003100370041004300470053
0281028302930307031103130317033103370347034903530359036703730059
0277061306170619063106410643064706530659066106730677068303790061
0271060709110919092909370941094709530967097109770983069103830067
0269060109071163117111811187119312011213121712230991070103890071
0263059908871153137313811399140914231427142912290997070903970073
0257059308831151136715111523153115431549143312311009071904010079
0251058708811129136114991601160716091553143912371013072704090083
0241057708771123132714931597161916131559144712491019073304190089
0239057108631117132114891583157915711567145112591021073904210097
0233056908591109131914871483148114711459145312771031074304310101
0229056308571103130713031301129712911289128312791033075104330103
0227055708531097109310911087106910631061105110491039075704390107
0223054708390829082708230821081108090797078707730769076104430109
0211054105230521050905030499049104870479046704630461045704490113
0199019701930191018101790173016701630157015101490139013701310127
