00020003000500070011001300170019002300290031003700410043
02390241025102570263026902710277028102830293030703110047
02330503050905210523054105470557056305690571057703130053
02290499074307510757076107690773078707970809058703170059
02270491073909410947095309670971097709830811059303310061
02230487073309371069108710911093109709910821059903370067
02110479072709291063116311711181110309970823060103470071
01990467071909191061115311931187110910090827060703490073
01970463070909111051115111291123111710130829061303530079
01930461070109071049103910331031102110190839061703590083
01910457069108870883088108770863085908570853061903670089
01810449068306770673066106590653064706430641063103730097
01790443043904330431042104190409040103970389038303790101
01730167016301570151014901390137013101270113010901070103
