000200030005000700110013001700190023002900310037004100430047005300590061
033703470349035303590367037303790383038903970401040904190421043104330067
033107190727073307390743075107570761076907730787079708090811082104390071
031707091069108710911093109711031109111711231129115111531163082304430073
031307011063142314271429143314391447145114531459147114811171082704490079
031106911061140916571663166716691693169716991709172114831181082904570083
030706831051139916371877187918891901190719131931172314871187083904610089
029306771049138116271873202920392053206320691933173314891193085304630097
028306731039137316211871202721292131213720811949174114931201085704670101
028106611033136716191867201721132143214120831951174714991213085904790103
027706591031136116131861201121112099208920871973175315111217086304870107
027106531021132716091847200319991997199319871979175915231223087704910109
026906471019132116071831182318111801178917871783177715311229088104990113
026306431013131916011597158315791571156715591553154915431231088305030127
025706411009130713031301129712911289128312791277125912491237088705090131
025106310997099109830977097109670953094709410937092909190911090705210137
024106190617061306070601059905930587057705710569056305570547054105230139
023902330229022702230211019901970193019101810179017301670163015701510149
