0002000300050007001100130017001900230029003100370041
0223022702290233023902410251025702630269027102770043
0211045704610463046704790487049104990503050902810047
0199044906590661067306770683069107010709052102830053
0197044306530827082908390853085708590719052302930059
0193043906470823094109470953096708630727054103070061
0191043306430821093709971009097108770733054703110067
0181043106410811092909910983097708810739055703130071
0179042106310809091909110907088708830743056303170073
0173041906190797078707730769076107570751056903310079
0167040906170613060706010599059305870577057103370083
0163040103970389038303790373036703590353034903470089
0157015101490139013701310127011301090107010301010097
