0002000300050007001100130017001900230029003100370041004300470053005900610067007100730079
0433043904430449045704610463046704790487049104990503050905210523054105470557056305690083
0431094109470953096709710977098309910997100910131019102110311033103910491051106105710089
0421093714391447145114531459147114811483148714891493149915111523153115431549106305770097
0419092914331877187918891901190719131931193319491951197319791987199319971553106905870101
0409091914291873228722932297230923112333233923412347235123572371237719991559108705930103
0401091114271871228126572659266326712677268326872689269326992707238120031567109105990107
0397090714231867227326472903290929172927293929532957296329692711238320111571109306010109
0389088714091861226926332897316731693181318731913203320929712713238920171579109706070113
0383088313991847226726212887316333233329333133433347321729992719239320271583110306130127
0379088113811831225126172879313733193413343334493359322130012729239920291597110906170131
0373087713731823224326092861312133133407346134573361322930112731241120391601111706190137
0367086313671811223925932857311933073391338933733371325130192741241720531607112306310139
0359085913611801223725912851310933013299327132593257325330232749242320631609112906410149
0353085713271789222125792843308930833079306730613049304130372753243720691613115106430151
0349085313211787221325572837283328192803280127972791278927772767244120811619115306470157
0347083913191783220725512549254325392531252125032477247324672459244720831621116306530163
0337082913071777220321792161215321432141213721312129211321112099208920871627117106590167
0331082713031759175317471741173317231721170916991697169316691667166316571637118106610173
0317082313011297129112891283127912771259124912371231122912231217121312011193118706730179
0313082108110809079707870773076907610757075107430739073307270719070907010691068306770181
0311030702930283028102770271026902630257025102410239023302290227022302110199019701930191
