00020003000500070011001300170019002300290031003700410043004700530059006100670071
03830389039704010409041904210431043304390443044904570461046304670479048704910073
03790827082908390853085708590863087708810883088709070911091909290937094104990079
03730823124912591277127912831289129112971301130313071319132113271361094705030083
03670821123716191621162716371657166316671669169316971699170917211367095305090089
03590811123116131987199319971999200320112017202720292039205317231373096705210097
03530809122916091979226722692273228122872293229723092311206317331381097105230101
03490797122316071973225124592467247324772503252125312333206917411399097705410103
03470787121716011951224324472657265926632671267725392339208117471409098305470107
03370773121315971949223924412647271327192729268325432341208317531423099105570109
03310769120115831933223724372633271127412731268725492347208717591427099705630113
03170761119315791931222124232621270726992693268925512351208917771429100905690127
03130757118715711913221324172617260925932591257925572357209917831433101305710131
03110751118115671907220724112399239323892383238123772371211117871439101905770137
03070743117115591901220321792161215321432141213721312129211317891447102105870139
02930739116315531889187918771873187118671861184718311823181118011451103105930149
02830733115315491543153115231511149914931489148714831481147114591453103305990151
02810727115111291123111711091103109710931091108710691063106110511049103906010157
02770719070907010691068306770673066106590653064706430641063106190617061306070163
02710269026302570251024102390233022902270223021101990197019301910181017901730167
