000200030005000700110013001700190023002900310037004100430047005300590061006700710073007900830089
047904870491049905030509052105230541054705570563056905710577058705930599060106070613061706190097
046710491051106110631069108710911093109711031109111711231129115111531163117111811187119306310101
046310391601160716091613161916211627163716571663166716691693169716991709172117231733120106410103
046110331597212921312137214121432153216121792203220722132221223722392243225122671741121306430107
045710311583211326172621263326472657265926632671267726832687268926932699270722691747121706470109
044910211579211126093011301930233037304130493061306730793083308931093119271122731753122306530113
044310191571209925933001337333893391340734133433344934573461346334673121271322811759122906590127
043910131567208925912999337136713673367736913697370137093719372734693137271922871777123106610131
043310091559208725792971336136593907391139173919392339293931373334913163272922931783123706730137
043109971553208325572969335936433889405740734079409140933943373934993167273122971787124906770139
042109911549208125512963334736373881405141574159417740993947376135113169274123091789125906830149
041909831543206925492957334336313877404941534211420141113967376735173181274923111801127706910151
040909771531206325432953333136233863402741394133412941273989376935273187275323331811127907010157
040109711523205325392939332936173853402140194013400740034001377935293191276723391823128307090163
039709671511203925312927332336133851384738333823382138033797379335333203277723411831128907190167
038909531499202925212917331936073593358335813571355935573547354135393209278923471847129107270173
038309471493202725032909331333073301329932713259325732533251322932213217279123511861129707330179
037909411489201724772903289728872879286128572851284328372833281928032801279723571867130107390181
037309371487201124732467245924472441243724232417241123992393238923832381237723711871130307430191
036709291483200319991997199319871979197319511949193319311913190719011889187918771873130707510193
035909191481147114591453145114471439143314291427142314091399138113731367136113271321131907570197
035309110907088708830881087708630859085708530839082908270823082108110809079707870773076907610199
034903470337033103170313031103070293028302810277027102690263025702510241023902330229022702230211
