0002000300050007001100130017001900230029003100370041004300470053005900610067007100730079008300890097
0503050905210523054105470557056305690571057705870593059906010607061306170619063106410643064706530101
0499109711031109111711231129115111531163117111811187119312011213121712231229123112371249125906590103
0491109316931697169917091721172317331741174717531759177717831787178918011811182318311847127706610107
0487109116692267226922732281228722932297230923112333233923412347235123572371237723811861127906730109
0479108716672251274127492753276727772789279127972801280328192833283728432851285723831867128306770113
0467106916632243273132213229325132533257325932713299330133073313331933233329286123891871128906830127
0463106316572239272932173607361336173623363136373643365936713673367736913331287923931873129106910131
0461106116372237271932093593392339293931394339473967398940014003400736973343288723991877129707010137
0457105116272221271332033583391942114217421942294231424142434253401337013347289724111879130107090139
0449104916212213271131913581391742014409442144234441444744514259401937093359290324171889130307190149
0443103916192207270731873571391141774397454745494561456744574261402137193361290924231901130707270151
0439103316132203269931813559390741594391452346214637458344634271402737273371291724371907131907330157
0433103116092179269331693557388941574373451946034597459144814273404937333373292724411913132107390163
0431102116072161268931673547388141534363451745134507449344834283405137393389293924471931132707430167
0421101916012153268731633541387741394357434943394337432742974289405737613391295324591933136107510173
0419101315972143268331373539386341334129412741114099409340914079407337673407295724671949136707570179
0409100915832141267731213533385338513847383338233821380337973793377937693413296324731951137307610181
0401099715792137267131193529352735173511349934913469346734633461345734493433296924771973138107690191
0397099115712131266331093089308330793067306130493041303730233019301130012999297125031979139907730193
0389098315672129265926572647263326212617260925932591257925572551254925432539253125211987140907870197
0383097715592113211120992089208720832081206920632053203920292027201720112003199919971993142307970199
0379097115531549154315311523151114991493148914871483148114711459145314511447143914331429142708090211
0373096709530947094109370929091909110907088708830881087708630859085708530839082908270823082108110223
0367035903530349034703370331031703130311030702930283028102770271026902630257025102410239023302290227
