000200030005000700110013001700190023002900310037004100430047005300590061006700710073
040904190421043104330439044304490457046104630467047904870491049905030509052105230079
040108810883088709070911091909290937094109470953096709710977098309910997100905410083
039708771321132713611367137313811399140914231427142914331439144714511453101305470089
038908631319174717531759177717831787178918011811182318311847186118671459101905570097
038308591307174121292131213721412143215321612179220322072213222118711471102105630101
037908571303173321132423243724412447245924672473247725032521223718731481103105690103
037308531301172321112417269326992707271127132719272927312531223918771483103305710107
036708391297172120992411268928612879288728972903290927412539224318791487103905770109
035908291291170920892399268728573011301930233037291727492543225118891489104905870113
035308271289169920872393268328513001307930833041292727532549226719011493105105930127
034908231283169720832389267728432999306730613049293927672551226919071499106105990131
034708211279169320812383267128372971296929632957295327772557227319131511106306010137
033708111277166920692381266328332819280328012797279127892579228119311523106906070139
033108091259166720632377265926572647263326212617260925932591228719331531108706130149
031707971249166320532371235723512347234123392333231123092297229319491543109106170151
031307871237165720392029202720172011200319991997199319871979197319511549109306190157
031107731231163716271621161916131609160716011597158315791571156715591553109706310163
030707691229122312171213120111931187118111711163115311511129112311171109110306410167
029307610757075107430739073307270719070907010691068306770673066106590653064706430173
028302810277027102690263025702510241023902330229022702230211019901970193019101810179
