00020003000500070011001300170019002300290031003700410043004700530059006100670071007300790083008900970101
05410547055705630569057105770587059305990601060706130617061906310641064306470653065906610673067706830103
05231163117111811187119312011213121712231229123112371249125912771279128312891291129713011303130706910107
05211153178317871789180118111823183118471861186718711873187718791889190119071913193119331949131907010109
05091151177723772381238323892393239924112417242324372441244724592467247324772503252125311951132107090113
05031129175923712903290929172927293929532957296329692971299930013011301930233037304125391973132707190127
04991123175323572897341334333449345734613463346734693491349935113517352735293533304925431979136107270131
04911117174723512887340738333847385138533863387738813889390739113917391939233539306125491987136707330137
04871109174123472879339138234211421742194229423142414243425342594261427139293541306725511993137307390139
04791103173323412861338938214201451345174519452345474549456145674583427339313547307925571997138107430149
04671097172323392857337338034177450747514759478347874789479347994591428339433557308325791999139907510151
04631093172123332851337137974159449347334937494349514957496748014597428939473559308925912003140907570157
04611091170923112843336137934157448347294933501150215023496948134603429739673571310925932011142307610163
04571087169923092837335937794153448147234931500950515039497348174621432739893581311926092017142707690167
04491069169722972833334737694139446347214919500349994993498748314637433740013583312126172027142907730173
04431063169322932819334337674133445747034909490348894877487148614639433940033593313726212029143307870179
04391061166922872803333137614129445146914679467346634657465146494643434940073607316326332039143907970181
04331051166722812801332937394127444744414423442144094397439143734363435740133613316726472053144708090191
04311049166322732797332337334111409940934091407940734057405140494027402140193617316926572063145108110193
04211039165722692791331937273719370937013697369136773673367136593643363736313623318126592069145308210197
04191033163722672789331333073301329932713259325732533251322932213217320932033191318726632081145908230199
04091031162722512777276727532749274127312729271927132711270726992693268926872683267726712083147108270211
04011021162122432239223722212213220722032179216121532143214121372131212921132111209920892087148108290223
03971019161916131609160716011597158315791571156715591553154915431531152315111499149314891487148308390227
03891013100909970991098309770971096709530947094109370929091909110907088708830881087708630859085708530229
03830379037303670359035303490347033703310317031303110307029302830281027702710269026302570251024102390233
