0002000300050007001100130017001900230029003100370041004300470053005900610067007100730079008300890097010101030107
0593059906010607061306170619063106410643064706530659066106730677068306910701070907190727073307390743075107570109
0587128312891291129713011303130713191321132713611367137313811399140914231427142914331439144714511453145907610113
0577127919871993199719992003201120172027202920392053206320692081208320872089209921112113212921312137147107690127
0571127719792657265926632671267726832687268926932699270727112713271927292731274127492753276727772141148107730131
0569125919732647325732593271329933013307331333193323332933313343334733593361337133733389339127892143148307870137
0563124919512633325337973803382138233833384738513853386338773881388939073911391739193923340727912153148707970139
0557123719492621325137934283428942974327433743394349435743634373439143974409442144233929341327972161148908090149
0547123119332617322937794273475147594783478747894793479948014813481748314861487144413931343328012179149308110151
0541122919312609322137694271473351135119514751535167517151795189519752095227487744473943344928032203149908210157
0523122319132593321737674261472951075443544954715477547954835501550355075231488944513947345728192207151108230163
0521121719072591320937614259472351015441568356895693570157115717573755195233490344573967346128332213152308270167
0509121319012579320337394253472150995437566958495851585758615867574155215237490944633989346328372221153108290173
0503120118892557319137334243470350875431565958435939595359815869574355275261491944814001346728432237154308390179
0499119318792551318737274241469150815419565758395927600759875879574955315273493144834003346928512239154908530181
0491118718772549318137194231467950775417565358275923590358975881577955575279493344934007349128572243155308570191
0487118118732543316937094229467350595413565158215813580758015791578355635281493745074013349928612251155908590193
0479117118712539316737014219466350515407564756415639562355915581557355695297494345134019351128792267156708630197
0467116318672531316336974217465750395399539353875381535153475333532353095303495145174021351728872269157108770199
0463115318612521313736914211465150235021501150095003499949934987497349694967495745194027352728972273157908810211
0461115118472503312136774201464946434639463746214603459745914583456745614549454745234049352929032281158308830223
0457112918312477311936734177415941574153413941334129412741114099409340914079407340574051353329092287159708870227
0449112318232473310936713659364336373631362336173613360735933583358135713559355735473541353929172293160109070229
0443111718112467308930833079306730613049304130373023301930113001299929712969296329572953293929272297160709110233
0439110918012459244724412437242324172411239923932389238323812377237123572351234723412339233323112309160909190239
0433110317891787178317771759175317471741173317231721170916991697169316691667166316571637162716211619161309290241
0431109710931091108710691063106110511049103910331031102110191013100909970991098309770971096709530947094109370251
0421041904090401039703890383037903730367035903530349034703370331031703130311030702930283028102770271026902630257
