00020003000500070011001300170019002300290031003700410043004700530059006100670071007300790083008900970101010301070109
06130617061906310641064306470653065906610673067706830691070107090719072707330739074307510757076107690773078707970113
06071321132713611367137313811399140914231427142914331439144714511453145914711481148314871489149314991511152308090127
06011319206920812083208720892099211121132129213121372141214321532161217922032207221322212237223922432251153108110131
05991307206327412749275327672777278927912797280128032819283328372843285128572861287928872897290329092267154308210137
05931303205327313413343334493457346134633467346934913499351135173527352935333539354135473557355929172269154908230139
05871301203927293407400340074013401940214027404940514057407340794091409340994111412741294133357129272273155308270149
05771297202927193391400145474549456145674583459145974603462146374639464346494651465746634139358129392281155908290151
05711291202727133389398945235011502150235039505150595077508150875099510151075113511946734153358329532287156708390157
05691289201727113373396745195009544354495471547754795483550155035507551955215527514746794157359329572293157108530163
05631283201127073371394745175003544157915801580758135821582758395843584958515531515346914159360729632297157908570167
05571279200326993361394345134999543757836073607960896091610161136121613158575557516747034177361329692309158308590173
05471277199926933359393145074993543157796067627162776287629963016311613358615563517147214201361729712311159708630179
05411259199726893347392944934987541957496053626963796389639764216317614358675569517947234211362329992333160108770181
05231249199326873343392344834973541757436047626363736473648164276323615158695573518947294217363130012339160708810191
05211237198726833331391944814969541357416043625763676469645164496329616358795581519747334219363730112341160908830193
05091231197926773329391744634967540757376037624763616359635363436337617358815591520947514229364330192347161308870197
05031229197326713323391144574957539957176029622962216217621162036199619758975623522747594231365930232351161909070199
04991223195126633319390744514951539357116011600759875981595359395927592359035639523147834241367130372357162109110211
04911217194926593313388944474943538757015693568956835669565956575653565156475641523347874243367330412371162709190223
04871213193326573307388144414937538153515347533353235309530352975281527952735261523747894253367730492377163709290227
04791201193126473301387744234933493149194909490348894877487148614831481748134801479947934259369130612381165709370229
04671193191326333299386344214409439743914373436343574349433943374327429742894283427342714261369730672383166309410233
04631187190726213271385338513847383338233821380337973793377937693767376137393733372737193709370130792389166709470239
04611181190126173259325732533251322932213217320932033191318731813169316731633137312131193109308930832393166909530241
04571171188926092593259125792557255125492543253925312521250324772473246724592447244124372423241724112399169309670251
04491163187918771873187118671861184718311823181118011789178717831777175917531747174117331723172117091699169709710257
04431153115111291123111711091103109710931091108710691063106110511049103910331031102110191013100909970991098309770263
04390433043104210419040904010397038903830379037303670359035303490347033703310317031303110307029302830281027702710269
