00020003000500070011001300170019002300290031003700410043004700530059006100670071007300790083
04570461046304670479048704910499050305090521052305410547055705630569057105770587059305990089
04490997100910131019102110311033103910491051106110631069108710911093109711031109111706010097
04430991151115231531154315491553155915671571157915831597160116071609161316191621112306070101
04390983149920032011201720272029203920532063206920812083208720892099211121131627112906130103
04330977149319992423243724412447245924672473247725032521253125392543254921291637115106170107
04310971148919972417280128032819283328372843285128572861287928872897255121311657115306190109
04210967148719932411279731673169318131873191320332093217322132292903255721371663116306310113
04190953148319872399279131633413343334493457346134633467346932512909257921411667117106410127
04090947148119792393278931373407360736133617362336313637349132532917259121431669118106430131
04010941147119732389277731213391359337273733373937613643349932572927259321531693118706470137
03970937145919512383276731193389358337193797380337673659351132592939260921611697119306530139
03890929145319492381275331093373358137093793377937693671351732712953261721791699120106590149
03830919145119332377274930893371357137013697369136773673352732992957262122031709121306610151
03790911144719312371274130833361355935573547354135393533352933012963263322071721121706730157
03730907143919132357273130793359334733433331332933233319331333072969264722131723122306770163
03670887143319072351272930673061304930413037302330193011300129992971265722211733122906830167
03590883142919012347271927132711270726992693268926872683267726712663265922371741123106910173
03530881142718892341233923332311230922972293228722812273226922672251224322391747123707010179
03490877142318791877187318711867186118471831182318111801178917871783177717591753124907090181
03470863140913991381137313671361132713211319130713031301129712911289128312791277125907190191
03370859085708530839082908270823082108110809079707870773076907610757075107430739073307270193
03310317031303110307029302830281027702710269026302570251024102390233022902270223021101990197
