000200030005000700110013001700190023002900310037004100430047005300590061006700710073007900830089009701010103
056905710577058705930599060106070613061706190631064106430647065306590661067306770683069107010709071907270107
056312231229123112371249125912771279128312891291129713011303130713191321132713611367137313811399140907330109
055712171877187918891901190719131931193319491951197319791987199319971999200320112017202720292039142307390113
054712131873250325212531253925432549255125572579259125932609261726212633264726572659266326712053142707430127
054112011871247730793083308931093119312131373163316731693181318731913203320932173221322926772063142907510131
052311931867247330673607361336173623363136373643365936713673367736913697370137093719325126832069143307570137
052111871861246730613593405740734079409140934099411141274129413341394153415741593727325326872081143907610139
050911811847245930493583405144814483449345074513451745194523454745494561456741773733325726892083144707690149
050311711831244730413581404944634813481748314861487148774889490349094919458342013739325926932087145107730151
049911631823244130373571402744574801508750995101510751135119514751534931459142113761327126992089145307870157
049111531811243730233559402144514799508153095323533353475351538151674933459742173767329927072099145907970163
048711511801242330193557401944474793507753035443544954715477538751714937460342193769330127112111147108090167
047911291789241730113547401344414789505952975441550755195479539351794943462142293779330727132113148108110173
046711231787241130013541400744234787505152815437550355015483539951894951463742313793331327192129148308210179
046311171783239929993539400344214783503952795431541954175413540751974957463942413797331927292131148708230181
046111091777239329713533400144094759502352735261523752335231522752094967464342433803332327312137148908270191
045711031759238929693529398943974751502150115009500349994993498749734969464942533821332927412141149308290193
044910971753238329633527396743914733472947234721470346914679467346634657465142593823333127492143149908390197
044310931747238129573517394743734363435743494339433743274297428942834273427142613833334327532153151108530199
043910911741237729533511394339313929392339193917391139073889388138773863385338513847334727672161152308570211
043310871733237129393499349134693467346334613457344934333413340733913389337333713361335927772179153108590223
043110691723235729272917290929032897288728792861285728512843283728332819280328012797279127892203154308630227
042110631721235123472341233923332311230922972293228722812273226922672251224322392237222122132207154908770229
041910611709169916971693166916671663165716371627162116191613160916071601159715831579157115671559155308810233
040910511049103910331031102110191013100909970991098309770971096709530947094109370929091909110907088708830239
040103970389038303790373036703590353034903470337033103170313031103070293028302810277027102690263025702510241
