000200030005000700110013001700190023002900310037004100430047005300590061006700710073007900830089009701010103010701090113
064106430647065306590661067306770683069107010709071907270733073907430751075707610769077307870797080908110821082308270127
063114231427142914331439144714511453145914711481148314871489149314991511152315311543154915531559156715711579158308290131
061914092143215321612179220322072213222122372239224322512267226922732281228722932297230923112333233923412347159708390137
061713992141286128792887289729032909291729272939295329572963296929712999300130113019302330373041304930612351160108530139
061313812137285735713581358335933607361336173623363136373643365936713673367736913697370137093719372730672357160708570149
060713732131285135594211421742194229423142414243425342594261427142734283428942974327433743394349373330792371160908590151
060113672129284335574201478947934799480148134817483148614871487748894903490949194931493349374357373930832377161308630157
059913612113283735474177478753095323533353475351538153875393539954075413541754195431543749434363376130892381161908770163
059313272111283335414159478353035743574957795783579158015807581358215827583958435849544149514373376731092383162108810167
058713212099281935394157475952975741613361436151616361736197619962036211621762215851544349574391376931192389162708830173
057713192089280335334153475152815737613164276449645164696473648164916521652962295857544949674397377931212393163708870179
057113072087280135294139473352795717612164216701670367096719673367376761654762475861547149694409379331372399165709070181
056913032083279735274133472952735711611363976691686968716883689969076763655162575867547749734421379731632411166309110191
056313012081279135174129472352615701610163896689686369716977698369116779655362635869547949874423380331672417166709190193
055712972069278935114127472152375693609163796679685769676997699169176781656362695879548349934441382131692423166909290197
054712912063277734994111470352335689608963736673684169616959694969476791656962715881550149994447382331812437169309370199
054112892053276734914099469152315683607963676661683368296827682368036793657162775897550350034451383331872441169709410211
052312832039275334694093467952275669607363616659665366376619660765996581657762875903550750094457384731912447169909470223
052112792029274934674091467352095659606763596353634363376329632363176311630162995923551950114463385132032459170909530227
050912772027274134634079466351975657605360476043603760296011600759875981595359395927552150214481385332092467172109670229
050312592017273134614073465751895653565156475641563956235591558155735569556355575531552750234483386332172473172309710233
049912492011272934574057465151795171516751535147511951135107510150995087508150775059505150394493387732212477173309770239
049112372003271934494051464946434639463746214603459745914583456745614549454745234519451745134507388132292503174109830241
048712311999271334334049402740214019401340074003400139893967394739433931392939233919391739113907388932512521174709910251
047912291997271134133407339133893373337133613359334733433331332933233319331333073301329932713259325732532531175309970257
046712231993270726992693268926872683267726712663265926572647263326212617260925932591257925572551254925432539175910090263
046312171987197919731951194919331931191319071901188918791877187318711867186118471831182318111801178917871783177710130269
046112131201119311871181117111631153115111291123111711091103109710931091108710691063106110511049103910331031102110190271
045704490443043904330431042104190409040103970389038303790373036703590353034903470337033103170313031103070293028302810277
