100
00000000000000000000000000000000
00010001100111011011101111010110
01101101110111000110010001110011
11101000010011100010100101010110
10000000100111101110011110000110
10100010001010100010011110010001
11010001000111101010010101011111
11101000111001011101010001110110
10110110101010111000001111110001
10100110011011110011010000110001
00010001001000011011011110011001
11011010101010010100000100101011
00101000100110110000000001110111
01011000100111110101011000100100
01111110010101110000010110001110
00011100010111100010101010100000
10101011001110001111100001110101
00101011001011001011110010100001
01001110100111001010111111110000
00001010010111111110001101010000
11100001100011100100101011001111
00001000001010001001100010010010
01110111101100111111000011101011
01000010101010011011011101101011
00010111001110000110111111111001
00000000011001101000100100110011
11011111110010101100011000100111
11001011111101000100010110100000
01100101111001011110100010000101
00100111000100100011011000111101
01001111101001101000101110010101
11110010000010110111110011000100
01100011000101001110010101010101
10111100001010010011001101111111
00000111001110110100010100110011
10011110001010000111001110001111
00011111111110111011101011001101
01110100000110011111010000111111
00110101011111111001101011100100
01000011001001011111001110100010
10011010000101100011100110101011
10010010110100100100000011010000
01100111000101101110100011010110
01000001011100100011111101010110
10001110110000101001001111011111
00111010111000001001001000011001
01011010110001111001000111000110
00010101010111110010000000000101
01011000001101010100111011110110
10110110011101000111111001111010
11000000000011111010111110000111
01110011010011010101000111000111
10001110000110110010101001111101
11001110111111101000110100011001
00000100011101000011110010100110
11110010001001100000011010000000
01000000111011110101111111110110
11111010100001101011100010000000
11011001001010011000011001000001
01000011001110000110001111110010
00011100011000011001010111111111
00110001100110101111010001011010
00000100001111000110111101100101
00101001010100100001101001111000
10001111100000110111101101001000
11101010101011110111101011111011
01000110101101010100011011011110
01111100011101111101001011100001
11000110101101101010100110001110
01100000111100101000100110101000
11010001011101010110100111000010
11111001011111000011010010011001
01111100100000001001111101101000
01110001101010100110111110101101
00101101011111110100110101101011
10011101100110101000011000111101
11000101001110001010110111111001
11010000100011110011100010000011
10001101010100100011110110010010
01111000111111000101001100000001
00000001101011011001111000011000
10111011001011110111000001001111
00111001100111111110001100001111
10001011110111100001011111000010
11111011111110001000000111011011
01000000011010000001011111110010
11111111111111111111111111111111
11001110100100011001100100011010
00100011001100001111110111001000
00000101111100011010101001011100
01010011010100100110010110001101
01011010110110000110001110010010
01101000000011000000101100110100
10100111110110111011111011111001
01110000110110011010011001011110
11011000000110000101111000010000
10010000100001100001111101100000
01111100001111110111011000010011
10111010111101001111100000111101
01111000000101111101101000000001
