102
0
0
0001110010110000101110011111110001111000101100011111110101101001010100010101011100101111010101010011
1011110101010000010001001011101011110001001001111101000000100101101011000101000010111111111011011010
0110011001011000101011010100101000011110010110111101111111001110101110010010011010011110001001011100
1000011100101000011010001000101110100001001011000111000010001000010011010010011111001011111010111101
0101111110101101100000011011001111101111100111001100100010010100110001101000000001111000010000110101
1101110110011110010000110000001000101000110101100011100101100101011011111001101110111111010000101111
0010111010101110100010001000010001111011110011111010110101100101001011001100110110111000100110110011
1001101001110101001001011011101100111110010010111010111011110100010001111001101110010100100111110001
0110010000010111011000110000011101001010010101010011001100011110011000101001101010100101011001011000
0101000100111011100101100110001011010001111110100111010001001000011000011101100010101101101001110101
1111001010110000000000111100100100001010110110111110111110110100000011100011000111001101011111101001
1110110011000010100111110111010000110000110101010001100001011111010001111100111110101110100000111101
0101010011111000110011111100000011110101111000110100111000110101110010010000001000101110010111111000
1101100100000111100010101010001000010101001001010111111000111001010001100100010111110101101010011010
0101001011001000101001001100001001000110000001100101010100001100101001111100000010101001110110101101
1100111111010101010100011101100011100010101110000010010111100000101001010101101000011111100010100010
0011011111110010011100011000101100011001001000001100000010110100001111001011110000000001110101101110
0000101100011100010101010111101100001011111011001111001011001101110000101011011110111101000000100000
0100000011101011110001111000101110000011110110111111011011011011101011110111011111001100011110101011
1111010110001111100110010110101011101001000100010000101110100010101011010100110100101000000010000010
0101001011101110001100001111111101001100000010101000101000001011101010101000000111110000011101011010
0100111101010000010010001110000001100010100010101111000010011111100111110010001001100010100001001101
1110000001100001101011111000100010100111100000100000111100101101110000100010100000001111011100110110
0101000001110010100001001010101001101010100101100000000111001011100101000000010011000100101100111011
1001111011001101001001100000101111101101101101111010001101101001101001101010111100111000111000100110
0110100011000101101010011011010101010011011010010101000000101001101101100110100000011111001101111110
1000111000010110110000101101001001010011110001111111000001101001100000100101010110111011000001001100
1111011111000101000000101010001111011011001011001110101001000010000101001000011001111111101111001000
0011111111100000100110000010101011001000110010100100001110111001010110100111001101111000101100110111
1100110111001111001101100111111100110000011110111010110111111010011111001010000111110010001010001001
0110000001000101110101000001010111000011010110110110100100010111100001000000101101110110010110100111
0000101010101001010110111111100100010101110010000100000000001010110000100111110010010100110000001101
0001110101101111000101100010010000111011100101101100001000011000111011100100110111011110100110100000
1011000000100010011011100110000011101101100001010110001001010100101000001000101110110110011001110011
1110110011100011111111100100000010100010111100010010010011110011100101111001111010000110011001110000
0000100010001010011010011101101010101010000000100111010100011101110101011100001100011000100110000010
0101011000000001001110100010011010101101101000000101100010001101110010100000110101110110111100111110
0100010000000110011010010000100001111001000010000110001011000111001001111010101101110011100101001011
1110100000101011100100101011101001011110011110111101010001100000011011101011011000100100100111001001
0000100111111110001001010000000000110011100010010011010010110000111011111101101110001110100010011010
0100100100111000001010001111100101010100001100111110111111010111100010111111101101000000001001100011
0111001111111001000100011101100110111100100101010111001110001100011010001011101000100111100010001001
1011000011000011111010111011110001100100110010111011101101010101011100011110000001110100100001001101
1000000111100100100110100010110000000100001011101011011101001000000010010100001011001101010100001111
1101011001101001111111010010010000111100101000110010110000001111101011111101111001101010110000100101
1111101111101100000010000111000010010010000111110000100111010100001111110011010100000010101101101000
0110110000111111000001001000111001111111010011111111010010001110000110111000001011001111111100011011
1000111111100100000111000011111101111010111110111101000000011000111001000000111101110110001001000100
0011001101111111110100110111010010110010011001111110001110110111001111000111100100111111100100111011
1101000100100010010101101011101111111010000001001100001000111110001000001110001110000100011010010001
0000101010101000010001110111000000111011110011110000000010001100100100010001111000000011000100100111
1111100000001011001010000111011011000111001110111111110000100000101111100100100001000111000001111111
1101000101101101001010011100001111111011000110110000110111111000001110101100001100111100000110110110
0110101010100100110001110011101100110000100001011000000000110110001101010011000100110101111011101011
0111111011000110111110010100001111101001001111011101110001001001111000000101100111010111101110010001
1010001010000001110000010110101100100101110010101111001001010110110000001100100110111011110001101101
1101010101001010011001010100101001011010101000111001001110001001011101111011000010100101111000010000
1010101111110111010001001111011011101110110011011000101000110111110001101000111010001110011000100110
0000010111010110111100110010000110001101110011111001111110001101101011110101100001000011011001110101
0001001111011111011000110101110101011001011110110111100111001001001011000111001111010100111100100001
1101100001010010100100110010011110001110000101100100110111110010100100101010110110100111011110100011
0010001110100100101101100100011010100111110111110110110101001111000011110111101100100010100111011111
0000011111000111100100101100010100111110101011111100001011101011011001010101000001101011101011011011
0111011111110011000111001110001101010011011110001010000011000010110101001010001101111000011001010110
0010111000010111001010000001001000010101000011011001000111010000100111000100100011100101001010011010
1000110001100100111110100110010011101101011000111111110000110101000011100101110101110000011011000011
0011001110011101100110110100001100001101001100001000110111110001010001001110010000011111000001011100
0010010100101100110000000010100100110011110110000101010110011010001101001111010111110111110111110001
1100001100101000100001110101000001000111100110110110111000001101000101001010010000010010001011010001
1001010010001100100000010100000110111001101111111000000111001111001101011000011111111001110100010111
0101001111100011000001001111111101010011001011001111100001011000011000000011011011100010110111011100
0000100010111000101010111111011000110010101011001011000101010111000101001100101100000100110100011011
1101101111101010001111101010101100100100101000000101111010111010111000001001001010000010010001010110
1011110110101010100001111011101101110100111001110011001101101110111110111101111011111101001111101101
0101111110000110101001101000100100111011100111111111010100111000110010000100100110000100010111000101
1111100001011111111110001001011010101011111000101001100011101011000011010011000111000100101110111100
0010101010011100111111010010010110111010010000110011001000010101111111110001011101010000001000010011
0010101110110110100100111001100110010101011111110111011100010010110101010000000101000100100010011100
0110000000110111001100000110101111000100101001110100001001000011010010000100010001101100010101000011
0110111100101011011100010110001111010001000100110001010011000001110011110001000011100000000100001000
1111011111011010101101101100101000011011101010001110010100111100101011101000010011111101111111010100
0101000100100010001100100000001011111010100001111000010011011001010111101101001010100100010001011100
1001000010011100111111010100100110101010100100100100100010000011101110111011000110011110111111101010
1010001011111001110000010110110001110001010110011111001111101100110101111111110101111101111001100001
0101000110001101110010100010011000100101011010000111111101110100100110011110101110100000100010100001
1001001110100100100000010101000011100011011010101010011011110111011110111001010011111001100010011000
0011000110110010101000100101100101101100110111000011011101111111101100010101000011001100010011011010
0101100111100101111110010000011000010011111000011101101100101001110100100101010010101001001001110101
1010010010011011111000000110100001100010010011000101111100001001100000100110011101111011011111000000
1111011000001110010101001111111100000000110000110101110110110100101000110011001110001010111100000110
1101011000011011100011010010110011000111100100011001111001110001001011001010111101100000100011001100
1011010101101010000110000101001101111101001010001001001111001011011011110001011011111011010000101111
0010000000100111100111011110101110110001010001011001111101111000100000111010011010011100001101001001
1111001011110100000001000101101100001001101110100100011101010010100100100011011111100011000011011101
0000110110100011101111111001110110100011110100001100100011011111110110100100001000100101000101110000
0110000100110010111110100000110110110110111000001111010001011000110000010111100011101000010011000001
0100001011000001110110100000000010001000000000000110111110000110001011100010000100100110010000011010
0011100010010010111111011011111110000100011110110111011000110010011011000100111011101110101010011011
1011110110110110010011100100111100010010111110101100101100100010101010110000110101100111001101001011
1101011110111101001111101110101101111010010001010000010111101111001110000001110101010001011100110100
